   class 1-1303 examples, class 2-1303 examples
   7.5717053e+00  -8.7562601e+00
  -8.9629064e+00   4.5906457e-01
   9.4453562e+00  -7.1700818e+00
   1.9187166e-01   2.2111266e+00
  -8.8077162e+00  -1.5480334e+00
   1.1413161e+01  -4.2543838e+00
  -5.8470156e+00  -8.1782129e+00
  -2.3568494e+00  -1.0171497e+00
  -8.6662161e+00  -1.1460212e+00
  -6.2919877e+00   5.8905586e+00
   6.0844489e+00  -1.5703396e+00
  -2.6270949e+00   7.6860831e+00
  -2.0989352e+00   1.5485690e+00
  -7.0873859e+00   5.3726287e+00
   1.6228351e+00   7.9116990e+00
  -2.4482369e+00   5.7944376e-01
   1.0854076e+00  -3.9614999e+00
   6.6597538e+00   3.3224215e+00
   1.2809337e+01   1.1436856e-01
   7.5616207e+00  -9.3726648e+00
  -1.9603179e+00  -2.3703677e+00
   4.3716250e+00  -2.9823545e+00
   1.1003261e+01  -4.7819378e+00
   2.8221668e-01  -1.0365151e+01
  -8.2064255e+00  -2.8757774e+00
  -8.6277456e+00   1.6184423e+00
  -7.0269157e+00   4.7973479e+00
   1.6003003e+00   8.1563689e+00
  -7.8369694e+00  -5.4151138e+00
  -4.5433499e-01  -4.2978923e+00
   1.0904981e+00   1.8290217e+00
   1.3204414e+01   2.1502901e-01
   1.2874589e+01  -2.1395089e+00
  -9.0508870e-01  -1.0753668e+01
  -2.4076483e-01   8.7170301e+00
   1.6211756e-01   2.5806338e+00
  -8.1597125e+00  -3.3759012e+00
  -2.7634576e+00   8.0315598e+00
   1.3621466e+00  -1.0516556e+01
  -1.9549315e+00  -1.0269318e+01
   4.7856917e+00   6.6171541e+00
  -8.3764267e+00  -2.5677093e+00
  -5.8187484e+00  -7.8842575e+00
   7.1010496e+00   1.1580717e+00
   1.2811607e+01   2.5723661e-01
   1.8906392e-01  -4.5348491e+00
   8.0199016e-03   2.6511639e+00
  -5.3706979e+00   7.0453574e+00
   5.8498891e+00   5.3623248e+00
  -8.4511355e+00   1.6878998e+00
   5.5728117e+00  -3.0990847e+00
  -8.2751620e-02  -1.0568092e+01
  -2.2144083e+00  -2.3779339e+00
   5.9689963e+00  -9.7222778e+00
   6.6662271e+00   4.0926839e+00
  -8.6493313e+00   1.3139214e+00
   1.1849757e+01  -4.4774779e+00
  -2.6114134e+00  -2.2932836e+00
  -1.9295391e+00  -9.6737879e+00
   5.7062078e+00  -2.0019094e+00
   4.4610593e+00  -1.0292886e+01
  -2.7642539e+00  -3.5482935e-01
   3.9914050e+00  -3.5464410e+00
   1.7447588e+00  -1.0455208e+01
   2.7196980e+00  -4.4031965e+00
  -1.3201768e+00  -1.0154614e+01
   4.8273894e-01  -1.0547897e+01
  -2.9052792e+00  -9.6342655e+00
  -7.4936065e-01   8.4360482e+00
  -2.2184553e+00  -2.7343186e+00
   4.9283948e+00  -9.8356154e+00
   6.0720699e+00  -2.1157020e+00
  -2.1061828e+00   2.1928281e+00
   2.5381084e+00  -4.0216994e+00
  -8.7446084e+00  -3.2360235e+00
  -4.8495354e+00   7.7372262e+00
  -9.2824177e+00   7.4230632e-01
   4.2784676e+00  -1.0121396e+01
   8.5010051e-01  -1.0898572e+01
  -1.7984405e+00  -3.4799714e+00
   6.7897493e+00   9.7602285e-01
   5.9028179e+00  -1.9599329e+00
   5.9328225e+00   4.9281289e+00
  -8.6262233e+00  -3.4793830e+00
  -9.1207778e+00  -2.8747270e+00
  -3.1131657e+00   3.8690663e-01
  -2.8621261e+00   3.9584408e-01
  -4.8886041e-01   8.5112536e+00
   4.1561614e+00  -3.0674322e+00
  -2.3993050e+00   7.6605639e+00
  -3.4691062e+00  -9.8580714e+00
   3.9848023e+00  -1.0006635e+01
  -1.6265806e+00  -3.1490569e+00
  -7.9342549e+00  -4.8078102e+00
  -1.5696785e+00   1.6636307e+00
  -2.6808889e+00   1.0512915e+00
   1.3000959e-01  -1.0437253e+01
  -7.9370001e+00   3.6506617e+00
   4.6795243e+00  -2.7605734e+00
  -5.8005899e-01   2.7459732e+00
   1.1524246e+01  -5.4335400e+00
   6.7345981e+00  -7.5002568e-01
   1.2994539e-01   2.6251919e+00
  -2.9815340e+00  -9.5033323e-02
  -2.0945463e+00  -1.0041130e+01
   6.3448321e-01   1.8867053e+00
   7.3291079e+00   1.9695617e+00
  -6.4734915e+00   5.8411260e+00
   6.0415065e+00   5.2030101e+00
  -7.8938502e+00  -6.0495917e+00
  -8.8134393e+00   1.5377857e+00
  -1.9418415e+00   9.6031718e-01
  -8.9272132e+00  -1.6615575e+00
  -2.5149574e+00   7.9418775e-01
   6.6364567e+00  -9.4514424e+00
   5.8886715e+00  -2.4118485e+00
   4.0862888e+00   7.3093368e+00
   6.6297558e+00   3.6266736e-01
   2.4911079e+00  -4.4171782e+00
   6.0105189e-02  -4.3581950e+00
   4.9265321e-01   1.8023211e+00
   6.3049530e+00  -1.2307110e-01
  -9.2347128e+00   1.3758287e+00
   6.3008735e+00   4.2838797e+00
  -6.9880881e+00   4.7290495e+00
  -2.6455591e+00  -5.4664290e-01
   2.8113055e+00  -1.0449128e+01
   7.1565251e+00   4.0895697e-01
   7.7263511e+00  -8.2389685e+00
  -4.7524301e+00  -8.3710436e+00
   6.1340937e+00  -9.4268354e+00
   1.3047017e+01  -1.8736558e+00
  -9.0584296e+00   7.7918306e-01
   1.1728531e+00   2.1128142e+00
  -3.3766763e-01   2.4615112e+00
  -1.1378796e+00   8.2460189e+00
  -8.2743836e-01  -3.2297327e+00
   6.1868416e+00   4.5178302e+00
   8.0389348e+00  -8.8245646e+00
  -2.9895709e+00   5.9947526e-01
   6.3486361e+00   1.1547302e-01
  -8.3728167e+00   3.4511723e+00
   1.0163624e+01  -6.8640809e+00
   2.6202117e-01  -4.1455070e+00
   6.3521926e+00  -1.1404031e+00
   1.0293294e+01  -6.0429122e+00
   2.5359343e+00  -4.1450018e+00
  -1.9835795e+00   5.8034697e-01
  -1.2064664e+00  -3.3113867e+00
   1.2048020e+01  -2.0303318e+00
   3.8729513e+00  -1.0334505e+01
  -3.0438125e+00  -7.1930445e-01
  -2.3554838e+00  -2.3862304e+00
  -1.9848716e+00   1.4624302e+00
  -2.0498553e+00   8.1692034e+00
  -8.6039620e+00   2.4892350e-01
  -4.3971809e-01  -1.0089787e+01
   1.8918661e+00  -4.4462500e+00
   1.2997737e+00   1.8507524e+00
   5.5901943e+00  -2.2043496e+00
  -2.5331337e+00  -9.8755450e+00
   6.3054673e+00  -9.2909002e+00
   6.6352879e+00   2.7936812e+00
   5.8669351e+00   5.4575196e+00
   7.4756520e-01  -4.5457603e+00
   7.3133598e+00  -8.9776529e+00
  -1.6980627e+00  -2.9304216e+00
   4.5333052e+00  -3.0709249e+00
   1.2101934e+01  -3.7372059e+00
  -1.7453318e-01  -1.0022216e+01
  -2.3205536e+00  -1.6250706e+00
  -1.0451512e+00   1.9191052e+00
   2.7574779e+00  -4.0821491e+00
   1.1258370e+01  -4.6375898e+00
  -2.2328968e+00   1.9161211e+00
  -2.2802898e+00  -2.2694400e-01
   3.8079431e+00  -1.0572539e+01
   6.1240305e+00  -1.0065198e+01
   4.9333861e+00  -2.9687812e+00
   1.0581820e+00   2.3128041e+00
   8.0938481e+00  -9.0332587e+00
  -5.6144051e+00   6.4896205e+00
   2.7671461e-02   8.8465302e+00
   1.0678330e+01  -5.4793283e+00
  -1.2050930e+00  -3.1252853e+00
  -2.4856731e+00   1.9499306e+00
  -1.3933016e+00   2.1627906e+00
   1.8659667e+00   7.7555303e+00
  -1.5070972e+00   2.1312949e+00
  -1.5387690e+00   1.3470965e+00
   6.1833545e+00  -1.4384226e+00
   5.9039967e+00  -1.5570296e+00
   5.8768461e+00  -1.7919015e+00
   5.3052372e+00  -2.9862247e+00
  -8.7916379e+00  -1.3337270e-01
  -3.1048447e+00  -2.8498007e-01
  -1.5044109e+00  -1.0190952e+01
  -2.3013848e+00   6.6022853e-01
   5.3762543e+00   5.6766779e+00
  -1.9892974e-01   2.1377378e+00
   2.2232567e+00  -1.0099860e+01
   5.5128430e+00  -3.0190498e+00
   1.2238245e+01  -1.7170983e+00
  -5.0205246e-01   8.5883772e+00
   6.5313655e+00  -4.8803814e-01
   4.0576662e+00   6.4722255e+00
   3.6474369e+00   7.3395595e+00
   2.9350514e-01   1.7086621e+00
  -7.1359773e+00  -5.2464443e+00
   1.6571757e-02   1.9013686e+00
  -1.4061589e+00  -3.1685724e+00
  -2.7988050e+00   3.6282110e-01
  -8.7745088e+00   3.8261650e-01
  -2.6920060e+00  -1.2957072e+00
   2.4528391e-01   2.6621001e+00
   6.5616094e+00   7.5932193e-01
   1.3100989e+00  -4.1361653e+00
  -4.0186393e-01  -9.9535424e+00
  -8.1702074e+00  -3.6392061e+00
  -1.5234915e+00   8.8811879e+00
   7.1967342e+00   8.8908014e-01
   1.0711095e+01  -6.0065205e+00
  -4.2149268e-01  -4.3936057e+00
  -8.7473090e+00   1.7634273e+00
  -2.9658366e+00  -8.8770575e-01
  -7.1123054e-02   8.7254997e+00
  -2.7716476e+00   5.3966041e-01
   5.7397498e+00   5.1137277e+00
   4.1609210e-01   2.3759154e+00
   7.0300970e+00   3.1269060e+00
  -8.4623140e+00   1.3908347e+00
  -7.3711546e+00   4.6159706e+00
  -8.7845059e+00   2.7865557e+00
  -8.4413173e+00   1.1915026e+00
   3.2335254e+00   7.7185305e+00
   3.8527881e+00   7.4084065e+00
   4.3641108e+00   6.3743727e+00
  -3.5588729e-01   1.8307270e+00
   3.7165529e+00   7.7366535e+00
   1.2922969e+01  -1.0849580e+00
   6.7166328e+00  -9.0182019e+00
  -5.2421306e-01   8.7614385e+00
   3.7031112e-01  -1.0163783e+01
   6.3613187e+00  -1.3875729e+00
   2.2641116e+00   8.0029768e+00
  -7.2976072e-01  -3.9639950e+00
  -2.1682560e-01   2.4906140e+00
  -7.1436254e+00  -5.7201154e+00
   4.8325296e+00  -9.8744049e+00
   1.0865313e+01  -5.1736645e+00
   6.8899649e+00   3.9425386e+00
  -2.5989756e+00  -3.4586419e-01
  -3.9854199e+00  -8.7515714e+00
   4.7564278e-01  -4.4787924e+00
   4.4086947e+00   7.3282395e+00
  -8.4103018e+00  -4.5805836e+00
  -5.1340560e+00   6.8812775e+00
  -8.5833399e+00  -1.0482383e+00
   3.1460469e+00   7.1297077e+00
   4.1780666e+00  -3.9978164e+00
   6.5804975e+00   9.7891170e-01
  -1.9504040e+00  -2.5129819e+00
   7.0389460e-01  -3.7962259e+00
  -7.6608329e-02  -3.7123183e+00
   3.1464666e-01  -1.0363014e+01
  -2.3475292e+00  -1.3184870e+00
  -8.1707199e+00   4.0263478e+00
  -7.0949028e+00   4.2510271e+00
   4.2769509e+00  -1.0166645e+01
   5.9236439e+00  -2.5179080e+00
   6.4689738e+00   4.6434343e+00
   5.1325458e+00   5.9748295e+00
  -1.8135863e+00   1.6780723e+00
   1.0806414e+00   1.9492044e+00
  -8.5530197e+00  -3.0658493e+00
  -1.1924193e+00  -3.9218546e+00
  -4.3024748e+00   7.4206797e+00
  -1.5316135e+00   1.5390622e+00
   6.8323517e+00   8.8323854e-01
  -1.9069513e-01   2.0895532e+00
   5.5367134e-01   1.7516166e+00
  -1.0960466e+00  -3.3952547e+00
   7.3238776e+00   1.6209061e+00
  -1.4912432e+00   1.5735263e+00
  -7.7458932e-01   2.6630034e+00
  -1.5834172e+00   1.6223197e+00
  -8.4638679e+00  -2.9919714e+00
  -5.6110548e+00   6.6718497e+00
  -3.0143640e+00   8.0395402e+00
   5.4335640e+00  -2.6440540e+00
  -4.5348555e+00   7.0004655e+00
   7.1635713e+00   7.6089702e-01
   4.7367517e+00  -3.1567948e+00
  -5.9531252e+00  -8.2988851e+00
   8.5510220e+00  -8.2228605e+00
  -2.4845900e+00  -1.6142238e+00
   1.1199027e+01  -5.0925176e+00
  -8.5359732e-02   2.2642113e+00
  -2.4034762e+00   1.4864255e+00
  -5.4712145e+00   6.4522320e+00
  -1.5137127e+00   2.4379306e+00
  -9.2836100e+00  -1.1842252e+00
  -8.1449707e+00   3.6414250e+00
  -2.4557844e+00   1.2789353e+00
  -3.1076226e+00  -3.4133397e-01
   2.7071811e+00   8.1666638e+00
  -6.8461272e+00   5.4794597e+00
  -1.6523557e+00   7.7905595e+00
  -6.8441502e+00  -7.1947244e+00
   1.2082178e+00  -4.6319939e+00
  -7.5399766e+00   3.9905917e+00
   9.9790992e+00  -7.2338399e+00
  -8.6693480e+00   3.1108198e+00
  -5.3108368e+00   7.1982311e+00
   1.1359967e+00   1.9152307e+00
   6.8796761e+00   1.4320169e+00
   6.9689443e-01   1.7799766e+00
   5.9121195e+00  -9.1897080e+00
  -4.8865701e-01   2.0067362e+00
   6.7068772e-01  -4.1104413e+00
   4.1705966e+00   6.6491390e+00
  -2.9553551e+00  -1.7025651e+00
   1.2763379e+01  -2.6692840e+00
   4.8225228e+00   5.5270312e+00
   1.2186483e+01  -2.6954562e+00
   2.1136585e+00   8.2699058e+00
   5.1984888e-01  -4.1484298e+00
  -1.5996639e+00   8.1093918e+00
   8.5467156e+00  -7.9254832e+00
   9.9949274e-01  -4.6745719e+00
  -1.9146019e+00  -2.4872574e+00
   6.9744612e+00   2.3348838e+00
   6.4530303e-01  -4.4461817e+00
   2.1860783e+00   7.6220277e+00
   6.2733248e+00  -1.8330432e+00
  -2.3719231e+00  -3.2883755e-01
  -5.2453850e+00  -7.6942040e+00
   1.0279786e+00   7.9403704e+00
   3.3901281e+00  -9.8785955e+00
   1.2775549e+01  -7.7256036e-01
  -2.8924974e+00  -1.1563007e+00
   1.6109790e-02  -1.0838541e+01
  -2.0916988e+00  -2.6032839e+00
   1.4757123e-01   2.1327262e+00
  -5.3501962e+00   6.5982451e+00
   6.7180843e+00   3.0906416e+00
  -1.8030898e+00   1.4822052e+00
   1.3148788e+00  -4.0249040e+00
   5.1336330e+00   5.0326609e+00
  -6.8020188e+00   5.7107901e+00
   6.2599287e-02   2.3525609e+00
  -1.2753600e+00   1.8252500e+00
  -1.7976526e+00   2.0980427e+00
   6.9171005e+00   1.6295388e+00
   4.3684560e+00  -1.0416235e+01
   8.6010874e+00  -8.0030953e+00
   3.1803103e+00  -3.5374815e+00
   5.9263881e+00  -1.5820942e+00
  -1.9847583e+00   1.7547321e+00
  -8.7882574e+00  -3.4299805e+00
  -9.2308318e+00  -1.9156570e+00
   4.9874072e+00  -2.6356672e+00
  -2.8700535e+00   2.0161079e-01
   7.1437827e+00  -3.9719138e-01
   1.0694756e+01  -4.9817053e+00
   5.0963687e+00  -2.5977942e+00
   4.8301613e+00   6.4979270e+00
   2.8836223e+00  -4.1526091e+00
  -3.6172806e+00  -9.2493496e+00
  -8.7502118e+00  -1.2214405e+00
   3.0274085e+00   8.1330648e+00
   5.6857497e+00   4.7115705e+00
  -8.6110194e+00  -3.1652365e+00
   1.1203947e+01  -5.1792733e+00
  -2.6763068e+00   6.7428374e-01
   1.0694596e+00  -4.5536835e+00
  -5.7313347e+00  -7.6282925e+00
   1.2861856e+01  -1.0821473e+00
   3.0670743e+00  -9.9374302e+00
   5.7078736e+00   5.5743397e+00
   6.1769614e-01   1.9601490e+00
   5.0301462e+00  -3.4987160e+00
   1.3986851e+00  -3.8378974e+00
   2.2815825e-01   2.5905034e+00
  -4.2864523e+00   7.3173107e+00
   6.9638601e+00   2.3497455e+00
  -1.6411984e+00  -3.1187235e+00
  -2.8430727e+00  -1.1253064e+00
   6.4702091e+00   1.5274791e+00
  -1.3475878e+00   1.7665904e+00
   7.7032952e-01   8.5475575e+00
   6.1740972e+00  -5.3678684e-01
   1.2408005e-01   2.0913109e+00
  -1.8152509e+00  -3.1423949e+00
  -5.6812401e+00   5.8274327e+00
   6.5393616e-01   2.4222266e+00
   6.7818939e+00   1.1035133e+00
  -1.9251557e+00  -1.9691295e+00
  -4.3293023e+00  -9.4567434e+00
  -8.1717872e+00  -5.4109312e+00
   8.3461748e-01  -4.2159412e+00
  -2.3130410e+00   1.3641481e+00
   6.0306948e+00  -2.5801267e+00
   6.3465541e+00   2.4332768e-01
   6.2347156e+00   3.8003134e+00
   1.1363026e+01  -4.5722411e+00
   5.4075381e+00   5.5503901e+00
   1.3053417e+01  -9.9932019e-01
  -5.3456785e+00  -8.1812681e+00
  -9.2965427e+00   9.4519793e-01
  -4.7765722e-01  -3.5561443e+00
   1.9932936e+00  -3.8778406e+00
  -4.7668583e+00  -8.1148019e+00
  -7.4907661e+00  -4.8944711e+00
   4.1186296e-01   2.4724442e+00
   1.4587506e-01   1.9210674e+00
  -9.2214599e+00  -7.3677872e-01
   1.2782916e-01   2.6323752e+00
   7.2917889e+00   1.1638007e+00
   5.9195783e+00  -2.8068590e+00
  -1.7938637e+00   2.3072992e+00
  -2.7762708e+00  -2.0113449e+00
   1.5307684e+00  -4.8026885e+00
   4.6612258e+00  -3.5412358e+00
  -2.1700269e+00  -2.7947624e+00
   6.5529527e-01   2.4946407e+00
   7.0238305e+00   3.6321302e-01
  -1.9923860e+00   1.3647363e+00
  -7.0190175e+00  -7.0837245e+00
   4.2862907e+00  -1.0498468e+01
  -3.3328022e+00  -9.2030881e+00
   4.6873534e-01   1.8094724e+00
  -5.3175071e+00  -7.9429405e+00
  -1.3745321e+00   1.9918103e+00
  -6.8904819e+00   5.2876830e+00
  -3.4075333e+00  -9.5078924e+00
   1.2183468e+01  -1.9679783e+00
  -3.2373289e+00  -8.6126435e-01
  -6.9284783e+00  -6.6142135e+00
   4.3678494e+00   6.9491558e+00
  -2.9640414e+00  -2.2842446e+00
  -3.4065364e+00  -8.8995076e+00
  -4.8418770e+00   7.3998805e+00
   6.2958511e+00  -2.1913685e+00
   6.7654879e+00   3.5153393e+00
   6.3683501e+00   4.5337297e+00
   5.9874868e-01  -3.8260692e+00
  -8.7905811e+00  -2.3959301e+00
  -2.9826506e+00   5.9474345e-01
   6.5407320e+00   1.9162177e+00
   5.4014683e+00   6.1144615e+00
  -2.3695396e+00  -4.9795976e-01
   2.6011225e+00   7.9260646e+00
   8.2401216e-01  -4.0192276e+00
  -2.7043836e+00   6.1541282e-01
  -3.0851540e+00   7.5535476e+00
   3.0502777e+00  -1.0522793e+01
   1.1066053e+01  -4.7354908e+00
   4.0001725e+00  -1.0384660e+01
   1.8194710e-02   2.5496246e+00
   6.2978804e+00   8.1915627e-01
   5.4460055e+00   4.7593821e+00
   1.2564632e+00   8.0957451e+00
   6.6204559e+00   3.4383409e+00
   1.4751151e+00   8.1621810e+00
  -2.2136085e+00   8.1431731e+00
  -5.6104100e+00   6.4548470e+00
   5.9694225e+00  -2.6576465e+00
   1.3141147e+00   7.7554539e+00
  -5.3196861e+00   7.0687377e+00
   2.7111511e+00  -3.7770653e+00
  -9.2004850e+00  -2.0030597e+00
  -4.9587273e+00  -8.5850319e+00
   6.3322221e+00   1.2064110e+00
  -4.6331229e+00   7.0610569e+00
  -6.6401099e+00  -7.4137248e+00
  -4.7436100e+00   6.8764620e+00
   5.8193447e+00  -2.4279195e+00
   4.7194682e+00  -3.4548392e+00
  -3.6897605e+00  -8.9522243e+00
   4.5583403e+00  -2.9732466e+00
   1.6378345e+00  -4.1826978e+00
   2.4918125e+00  -4.6482839e+00
  -2.7611818e+00  -9.7481643e+00
  -7.8269991e+00   4.2816508e+00
   5.7581525e-01   2.0322575e+00
   4.0752508e+00   6.9202228e+00
  -2.3413222e+00  -8.4923293e-01
  -2.7492136e+00  -5.0414720e-01
  -8.5709830e+00  -1.5117051e-01
   3.1951248e-01   1.9580238e+00
   1.0182520e+01  -6.7922540e+00
   1.3393615e+01   6.0829779e-01
   5.8174844e+00  -1.7012980e+00
   6.0499935e+00  -1.0955766e-01
  -7.8430530e+00  -5.7202353e+00
  -2.4739149e+00  -9.4029152e+00
  -1.2679563e+00  -3.8919806e+00
   5.3924394e+00   4.7918990e+00
  -2.3409066e+00  -1.4681382e+00
   4.7840073e+00  -3.0315256e+00
  -4.8692341e+00  -8.2262619e+00
  -1.8625280e+00   1.4035700e+00
  -7.8846719e-01  -3.3713368e+00
  -7.8629328e+00   4.9395303e+00
   6.1520006e+00  -1.9671354e+00
   3.7416901e+00   7.3722571e+00
  -2.3780101e+00   1.2317668e+00
  -1.8780496e+00  -1.0290107e+01
   2.9280342e+00   7.2304075e+00
   5.4944365e+00   5.6060836e+00
  -3.1193930e-01   2.0249487e+00
  -5.3492856e+00  -7.8039341e+00
  -2.5362147e+00  -9.8016658e+00
   5.7894729e+00  -2.0093799e+00
  -8.9198226e+00   1.2074765e-01
   6.4720523e+00   4.7649082e-01
  -1.3319665e+00  -3.3285310e+00
  -8.9455105e-01   1.9379840e+00
  -7.7664929e+00  -5.7499161e+00
  -8.4999156e+00  -4.1999208e+00
   6.5731405e+00   1.6126870e+00
   1.2411570e+01  -2.2409669e+00
  -2.4763250e+00  -2.3973346e+00
   9.3681183e+00  -7.9257469e+00
  -8.5723811e+00  -2.9370440e+00
   1.4878686e+00   7.9823314e+00
   3.6439109e+00  -4.2373517e+00
   1.1965691e+01  -3.6061681e+00
   2.2407585e-01   1.8048618e+00
  -2.3778818e+00  -1.2300289e+00
   2.1855467e-02   1.8086613e+00
  -1.3026031e+00   2.0275648e+00
   6.6998254e+00   1.3383316e+00
  -1.2617909e+00  -3.8430545e+00
   4.8872976e+00   6.4647201e+00
   1.0504517e+01  -6.9624956e+00
  -2.6183161e+00   1.8916618e-01
   1.3160314e+01  -1.4044885e+00
   6.4326936e+00  -1.2727980e-01
  -6.9378879e-01  -3.8579550e+00
   1.2681091e-01   2.5201280e+00
   5.7969453e+00  -1.9372531e+00
  -7.9568193e+00   3.4114484e+00
  -4.1758815e-01   2.2896142e+00
  -2.8001076e+00  -1.4784050e+00
   5.1052656e+00  -3.6233351e+00
  -2.9370179e+00  -3.0492842e-01
  -1.3267487e+00  -2.8159621e+00
  -2.2332541e+00   1.3299726e+00
   6.7092049e+00   5.9655328e-01
   8.6787548e-01   2.1115249e+00
   5.4220304e+00  -1.0043496e+01
  -7.9285381e+00  -4.6559768e+00
  -3.2573904e+00   7.9646646e-02
  -1.7709867e-01   2.7082676e+00
  -5.2127913e-01  -1.0426598e+01
   2.2419685e-01   1.7629711e+00
   9.3289884e-01   1.7493881e+00
   4.8378298e-01   2.6359067e+00
   9.9382010e-01  -1.0043329e+01
   7.9749019e+00  -8.3438019e+00
   1.2139352e+01  -3.7053987e+00
   1.1973393e+00   1.7581915e+00
   9.7330014e+00  -6.9743221e+00
  -2.2141784e+00   6.3546682e-01
  -2.8196637e+00  -1.5005521e-01
  -2.4670019e+00   4.4857263e-01
  -1.6704904e+00   1.6358009e+00
   1.0990399e+01  -5.8462997e+00
  -9.3383414e-01  -4.0793412e+00
  -1.6339371e+00   2.2227925e+00
  -8.7458115e+00   1.2151582e+00
   8.6477223e+00  -8.3334906e+00
  -1.1508403e+00   8.5299013e+00
   6.7280078e+00  -6.8619890e-01
   4.6636701e+00  -2.8803766e+00
   7.1416215e+00  -9.1285159e+00
  -2.4754906e+00  -1.9362488e+00
  -4.7582030e+00  -8.5174708e+00
  -4.3180514e+00   7.7206861e+00
   6.7469632e+00   1.1138113e+00
  -4.8121233e+00  -8.1807460e+00
  -8.9097882e+00  -1.6752276e+00
   3.8489939e+00  -3.8506854e+00
   4.4946259e+00  -4.0284481e+00
  -7.9561133e+00   4.6187795e+00
  -7.2322652e-01  -1.0589174e+01
  -8.0054464e+00   2.7522709e+00
   1.2857483e+00  -4.5592322e+00
   7.1124896e+00   3.8947281e-01
  -8.3647413e-02   2.7476323e+00
   6.5451846e-02   1.8092613e+00
  -2.6999437e-01   2.1857251e+00
  -9.6952842e-01   2.4842756e+00
   4.5500012e+00  -2.7439944e+00
  -1.3841821e+00   1.4600052e+00
  -3.5805876e+00   7.7619758e+00
   6.6801608e+00  -8.0205003e-01
  -2.4564990e+00  -1.1924312e+00
   1.3702255e-01   1.8038120e+00
  -4.4325973e+00  -8.8503235e+00
   2.7812708e+00   8.0774515e+00
  -5.4362484e+00   7.1606899e+00
   2.2139656e+00  -4.1758942e+00
   5.3811391e+00   5.3666531e+00
  -3.6705890e+00   7.4660419e+00
  -8.7879409e+00  -1.3890526e+00
   1.4453173e+00  -4.2825410e+00
  -1.9905377e+00   1.8668327e+00
  -8.6431149e+00   3.3457121e-01
  -3.2155752e+00  -1.2500835e+00
   2.7671963e+00   8.3519719e+00
   1.9967419e+00   8.0558570e+00
   9.6822829e+00  -6.9489741e+00
  -2.5137108e+00   1.0467508e+00
  -6.0750444e+00   6.2071405e+00
   4.6652653e+00   6.7628757e+00
  -8.2012934e+00   2.1178466e+00
  -5.5316525e+00   6.7728685e+00
   4.2331010e+00   6.3137359e+00
   5.2038434e+00   5.0138694e+00
  -5.8447241e+00  -8.1563752e+00
  -2.1977661e+00  -2.4909001e+00
   4.2058659e+00  -3.4760199e+00
   1.0831338e+01  -5.8778983e+00
  -5.0473108e+00   6.8583677e+00
   2.5129306e+00   8.0484329e+00
   2.5863611e-01  -1.0546134e+01
  -9.1389921e+00  -1.9672325e+00
   8.4339172e-01   8.0423241e+00
  -6.8124102e+00  -6.5529240e+00
  -5.9846524e+00  -7.8586507e+00
  -1.1459938e+00   2.1470472e+00
   2.5512485e-01  -4.3155212e+00
  -1.6138105e+00   2.3240808e+00
  -8.9327076e+00  -9.7198968e-02
  -2.0482312e+00  -1.7158814e+00
   1.2848231e+01  -2.3347602e+00
   1.3154521e+00  -1.0897025e+01
   8.0863261e+00  -9.4675628e+00
  -1.0370816e+01   4.8095423e-01
   9.9936597e+00  -7.9865818e+00
   2.9705035e-01   3.4416236e+00
   1.9876499e+00   2.0591330e+00
  -9.9965052e+00  -1.5621661e+00
   1.2782284e+01  -4.0222111e+00
  -6.5240172e+00  -8.1726626e+00
  -3.2564309e+00  -1.4146127e+00
  -9.8052868e+00  -1.7355460e+00
  -7.1900491e+00   5.8926457e+00
   7.4991907e+00  -1.6903270e+00
  -2.8472682e+00   9.1375586e+00
  -2.1294956e+00   2.6282607e+00
  -7.8567506e+00   6.6180795e+00
   2.3068266e+00   8.7556677e+00
  -3.4591817e+00   4.4880508e-01
   1.2060321e+00  -5.4593980e+00
   7.3775572e+00   4.0129975e+00
   1.3503609e+01  -2.1786036e-01
   7.9007651e+00  -9.6246368e+00
  -2.5960461e+00  -3.1104611e+00
   5.3777234e+00  -4.2495508e+00
   1.2533573e+01  -5.6277485e+00
   3.5662571e-01  -1.1963751e+01
  -9.7488066e+00  -3.6582122e+00
  -9.9168691e+00   1.5482328e+00
  -7.9028602e+00   5.5206532e+00
   2.1782820e+00   8.6134230e+00
  -7.9088790e+00  -6.4358981e+00
  -6.3420248e-01  -4.4984209e+00
   8.8468325e-01   2.2701964e+00
   1.4199710e+01   2.6249791e-01
   1.3928640e+01  -1.8787448e+00
  -6.0736968e-01  -1.1694534e+01
  -5.7164927e-01   9.3911133e+00
  -6.6592058e-01   3.2340227e+00
  -9.2509286e+00  -3.0111520e+00
  -3.1839595e+00   8.7365336e+00
   4.6364536e-01  -1.1831460e+01
  -2.2137019e+00  -1.0584880e+01
   5.1698201e+00   7.0441188e+00
  -9.6081823e+00  -2.4843455e+00
  -6.2329943e+00  -8.8617104e+00
   7.3676040e+00   1.4353188e+00
   1.3743965e+01  -1.6099063e-01
   3.7599732e-01  -4.6968632e+00
  -2.3102827e-02   3.6310222e+00
  -6.1596937e+00   7.2641657e+00
   6.6043929e+00   6.4091589e+00
  -9.6555892e+00   2.2479499e+00
   5.6782109e+00  -3.7286907e+00
   8.8533814e-02  -1.1631863e+01
  -2.7047328e+00  -3.2244207e+00
   6.5812022e+00  -1.0722652e+01
   7.4623418e+00   4.8781936e+00
  -9.9170683e+00   1.7714983e+00
   1.2510115e+01  -5.4023452e+00
  -3.2421050e+00  -3.1838185e+00
  -1.9632789e+00  -1.0632034e+01
   6.7197418e+00  -2.6339065e+00
   5.1398859e+00  -1.1386915e+01
  -3.2704621e+00  -5.9351871e-01
   4.7867160e+00  -3.7400657e+00
   1.3868970e+00  -1.1393525e+01
   3.0125819e+00  -5.5484588e+00
  -2.4050909e+00  -1.1455986e+01
   9.9485944e-01  -1.1178495e+01
  -3.7412591e+00  -1.0202507e+01
  -1.1009292e+00   9.4235418e+00
  -2.9972323e+00  -4.0207784e+00
   4.9229034e+00  -1.0578612e+01
   6.0569742e+00  -3.1539700e+00
  -2.2863890e+00   2.3651097e+00
   2.5551108e+00  -4.6682548e+00
  -9.4687570e+00  -3.4391796e+00
  -4.7662939e+00   8.5420983e+00
  -9.8481597e+00  -9.5649398e-02
   4.0540566e+00  -1.1014911e+01
   1.0912834e+00  -1.1158699e+01
  -2.6099623e+00  -3.7355536e+00
   7.3720709e+00   7.5249703e-01
   6.4678052e+00  -3.3919574e+00
   6.3954957e+00   5.8082912e+00
  -9.7340856e+00  -3.0818518e+00
  -9.8597553e+00  -2.6516471e+00
  -3.5069130e+00  -1.3227185e-01
  -3.8206343e+00   6.9813225e-01
  -1.1923120e+00   8.9690855e+00
   5.2235679e+00  -4.5092024e+00
  -3.1298828e+00   8.8233662e+00
  -3.8693028e+00  -1.0830657e+01
   3.9901516e+00  -1.0826029e+01
  -2.1580325e+00  -3.2246407e+00
  -8.6007625e+00  -5.3749466e+00
  -1.6318309e+00   2.4409486e+00
  -3.0982987e+00   1.5968536e+00
   3.6167543e-01  -1.1077020e+01
  -9.2452495e+00   4.2523482e+00
   5.1734483e+00  -3.4187569e+00
  -9.9478894e-01   2.9002736e+00
   1.1948899e+01  -5.7289651e+00
   7.4703019e+00  -5.7955673e-01
  -3.0292202e-01   3.5927908e+00
   1.7171725e+00   1.8447723e+00
  -3.8586055e+00   8.1407006e-02
  -1.8680799e+00  -1.0841017e+01
  -2.0150653e-01   3.0333390e+00
   7.6467728e+00   2.1892004e+00
  -7.0063998e+00   6.6207689e+00
   6.1683882e+00   6.0546548e+00
  -8.5744384e+00  -6.1134589e+00
  -9.4994197e+00   9.6693516e-01
  -2.6264437e+00   2.0079109e+00
   1.5708031e+00   2.2351128e+00
  -1.0207222e+01  -1.3112216e+00
  -3.7428654e+00   6.9302529e-01
   6.9833484e+00  -1.0108264e+01
   6.3737060e+00  -3.1105568e+00
   4.0835700e+00   8.4586775e+00
   7.8769971e+00   2.8981169e-01
   2.4270482e+00  -5.1524086e+00
   3.2114181e-01  -5.6085653e+00
   3.8561943e-01   3.0166432e+00
   7.6714847e+00  -2.0267146e-01
   1.5099348e+00   2.3936640e+00
  -1.0239036e+01   8.6594641e-01
   6.8212075e+00   4.7981828e+00
  -8.4478797e+00   5.8463901e+00
  -3.3756399e+00  -1.8413642e+00
   2.0194778e+00  -1.1757067e+01
   7.7434566e+00  -1.9355013e-01
   8.2522570e+00  -9.4063983e+00
  -4.8200597e+00  -9.1859747e+00
   7.0540718e+00  -1.0086917e+01
   1.4132253e+01  -1.6822498e+00
  -9.7768657e+00   1.4676452e+00
   8.3701311e-01   2.6173477e+00
  -4.4822426e-01   3.2952212e+00
  -9.9358351e-01   9.1593250e+00
  -1.5913661e+00  -4.0865816e+00
   6.8424502e+00   4.8608283e+00
   7.7744041e+00  -9.3170456e+00
  -3.2849505e+00   1.0946159e+00
   7.7247548e+00  -4.6252095e-01
  -9.2483553e+00   4.1157789e+00
   1.0434217e+01  -7.7683986e+00
   1.3324747e+00   2.4439560e+00
   1.2102554e-01  -5.1175378e+00
   6.7832869e+00  -1.4926102e+00
   1.1242870e+01  -7.1218195e+00
   2.6908316e+00  -4.9364436e+00
   2.0379995e+00   1.8082013e+00
  -3.0534992e+00   1.3031907e+00
  -1.9761798e+00  -3.9868555e+00
   1.3796590e+01  -2.2288425e+00
   4.7075222e+00  -1.0934015e+01
  -4.0501872e+00  -1.0869317e+00
  -2.4289065e+00  -2.6877244e+00
  -3.1138435e+00   1.6987144e+00
  -1.9541975e+00   9.7421007e+00
  -9.5394110e+00  -1.7897501e-01
   1.6693113e-01  -1.1232825e+01
   2.1917851e+00  -5.5988409e+00
   1.0553581e+00   2.7119392e+00
   6.3414993e+00  -3.0924958e+00
  -3.1323385e+00  -1.0324045e+01
   7.1916513e+00  -1.0097903e+01
   7.7489328e+00   3.2217246e+00
   6.2181916e+00   5.6075089e+00
   7.0239255e-01  -5.3468962e+00
   7.4513119e+00  -9.9829138e+00
  -2.6855797e+00  -3.5457370e+00
   5.3093807e+00  -3.5871417e+00
   1.3126582e+01  -4.8188250e+00
  -5.5647644e-01  -1.1327978e+01
  -2.9877373e+00  -2.1454928e+00
  -2.3471881e+00   2.5818586e+00
   1.4165804e+00   2.7224560e+00
   2.3234941e+00  -4.9009425e+00
   1.2501612e+01  -5.4307518e+00
  -3.1658647e+00   2.2169337e+00
  -3.5258270e+00  -4.1704728e-01
   4.2854918e+00  -1.1099308e+01
   6.4039309e+00  -1.0422825e+01
   5.8492217e+00  -3.3483976e+00
   1.0705883e+00   2.6481552e+00
   8.7572283e+00  -9.2890214e+00
  -7.2117474e+00   6.7780602e+00
   8.7438770e-02   9.5294326e+00
   1.1356059e+01  -6.3155464e+00
  -1.4625199e+00  -4.1908022e+00
  -3.2056360e+00   1.5399551e+00
  -2.0972517e+00   3.1064132e+00
   1.7472696e+00   8.7487254e+00
  -2.3139346e+00   1.7819222e+00
  -2.5723102e+00   2.2522430e+00
   6.5293226e+00  -1.9746421e+00
   6.8278921e+00  -1.9445178e+00
   6.2598180e+00  -2.4589325e+00
   5.6200534e+00  -3.4886298e+00
  -9.6245409e+00  -1.8451823e-01
  -4.2127899e+00  -1.0221481e+00
  -1.4129809e+00  -1.1149731e+01
  -3.7874404e+00   4.8440759e-01
   6.4865476e+00   6.0105809e+00
  -1.4925654e-01   3.5355632e+00
   2.7053017e+00  -1.1460140e+01
   6.0651651e+00  -3.0279846e+00
   1.3359804e+01  -2.0498691e+00
  -6.0726515e-01   9.7528804e+00
   7.5249455e+00  -1.3238705e+00
   4.5120101e+00   7.2866370e+00
   3.5997964e+00   7.9759129e+00
   3.1687966e-01   3.4107886e+00
  -8.2600238e+00  -6.2123448e+00
  -9.1209604e-01   3.6851668e+00
  -1.1016887e+00  -4.0722346e+00
  -3.6974642e+00   1.2214586e+00
  -9.8874667e+00   9.4187226e-01
  -3.8362489e+00  -1.6004869e+00
   2.3159748e-02   2.8633206e+00
   8.1321037e+00   1.5850804e+00
   1.1940039e+00  -5.0428562e+00
  -5.2876265e-01  -1.1365375e+01
  -9.1428901e+00  -3.5926233e+00
  -9.7562421e-01   9.1584730e+00
   7.8789446e+00   1.5543728e+00
   1.1113957e+01  -7.3419549e+00
  -7.8039667e-01  -5.1839537e+00
  -9.5276008e+00   1.3572463e+00
  -3.6250128e+00  -4.0822530e-01
   7.2878988e-01   9.8447243e+00
  -3.7551323e+00   1.2742924e+00
   6.9444943e+00   4.7972464e+00
  -1.7376526e-01   3.1675441e+00
   7.6175471e+00   3.8301206e+00
  -9.5804835e+00   1.7094768e+00
  -8.6849414e+00   4.3876962e+00
  -9.5463731e+00   3.0422946e+00
  -1.0265473e+01   1.8766797e+00
   3.6801509e+00   7.9027903e+00
   3.5545550e+00   7.6839931e+00
   4.7448629e+00   7.2238371e+00
  -1.1284411e+00   3.2029584e+00
   4.0161642e+00   7.8977433e+00
   1.3531840e+01  -4.3960691e-01
   7.1435883e+00  -9.8051413e+00
  -4.8994571e-01   8.9814028e+00
   6.9250678e-01  -1.1115923e+01
   6.9067477e+00  -1.6611218e+00
   3.2396819e+00   9.1112740e+00
  -4.3460038e-01  -5.0433303e+00
  -1.0753095e+00   2.7935813e+00
  -7.9105912e+00  -6.2217500e+00
   4.8998816e+00  -1.0679405e+01
   1.8386398e+00   1.9773012e+00
   1.2007542e+01  -5.8715328e+00
   7.4907672e+00   4.1073234e+00
  -3.7894870e+00   3.0420107e-01
  -4.3811293e+00  -1.0561865e+01
   6.5622916e-01  -4.7420390e+00
   4.3451775e+00   7.5415117e+00
  -8.6424845e+00  -5.4546032e+00
  -5.2806858e+00   8.2190648e+00
  -9.7941556e+00  -1.0960273e+00
   3.0417947e+00   8.7025951e+00
   4.2870520e+00  -4.7639555e+00
   7.7738496e+00   9.0805604e-01
  -2.3173434e+00  -3.3575348e+00
   5.7760423e-01  -4.9174597e+00
  -9.6654227e-01  -4.4190834e+00
   2.8002183e-01  -1.1047347e+01
  -3.5029475e+00  -1.7267111e+00
  -8.7785780e+00   4.1041162e+00
  -8.5609860e+00   5.5946134e+00
   5.0671489e+00  -1.0530225e+01
   5.9465860e+00  -3.3027618e+00
   6.6848033e+00   5.2490549e+00
   5.9345029e+00   6.7520841e+00
  -1.7658229e+00   2.3131199e+00
   6.6315036e-01   2.7056261e+00
  -9.6783159e+00  -4.1616681e+00
  -1.0533610e+00  -4.2437071e+00
  -4.2403168e+00   8.6554316e+00
  -2.6718484e+00   2.5414133e+00
   7.5286672e+00   6.6608748e-01
  -7.3171962e-01   3.2687898e+00
   4.3363896e-01   3.4487020e+00
  -1.5880386e+00  -4.4167627e+00
   8.2834000e+00   1.8373056e+00
  -2.7645993e+00   2.7119064e+00
  -1.4448774e+00   3.4567160e+00
  -2.5589537e+00   2.2380523e+00
  -9.3705977e+00  -3.9309908e+00
  -5.9663633e+00   7.1224154e+00
  -3.3805629e+00   9.4030847e+00
   6.2075889e+00  -3.1019065e+00
  -5.3543576e+00   7.5307827e+00
   7.3836799e+00   1.0886315e+00
   5.8070533e+00  -3.7015738e+00
  -6.0946314e+00  -8.6301061e+00
   8.8900231e+00  -8.8571029e+00
  -3.5643504e+00  -1.6891713e+00
   1.2290213e+01  -4.6639019e+00
   6.0383573e-01   2.7713649e+00
  -3.5149930e+00   1.5565946e+00
  -6.3464199e+00   7.0999700e+00
  -2.0801186e+00   3.0453378e+00
  -9.8885575e+00  -1.4222739e+00
  -9.0609254e+00   4.6606357e+00
  -2.9078541e+00   1.0716730e+00
  -3.5976719e+00  -4.7123105e-01
   2.6247688e+00   8.2283797e+00
  -7.6215096e+00   5.9693293e+00
  -1.8590665e+00   9.6651053e+00
   1.5243638e+00   2.4150338e+00
   1.8185504e+00   1.8981099e+00
  -7.4016021e+00  -7.5212414e+00
   1.0126264e+00  -4.7935823e+00
  -8.8764334e+00   3.8191561e+00
   1.1010949e+01  -7.6478721e+00
  -9.5669639e+00   2.7991358e+00
  -5.3767984e+00   8.4299923e+00
   1.0474124e+00   2.5157464e+00
   8.1267599e+00   1.4618896e+00
   1.1198177e+00   2.7397285e+00
   6.7313125e+00  -1.0019604e+01
  -9.0028717e-01   3.0312626e+00
   8.2655414e-01  -5.4201635e+00
   4.3984694e+00   7.7124514e+00
  -3.0983605e+00  -1.5578254e+00
   1.3233479e+01  -2.5954710e+00
   6.1496268e+00   6.3685171e+00
   1.3793530e+01  -2.6570419e+00
   2.2896581e+00   9.4993633e+00
   4.9727455e-01  -5.7553874e+00
  -2.5657961e+00   9.3885695e+00
   9.3373701e+00  -8.7770839e+00
   1.1644236e+00  -5.7300957e+00
  -2.4729746e+00  -4.1468432e+00
   7.9021464e+00   3.0289583e+00
   8.3002502e-01  -5.5562071e+00
   1.5948065e+00   8.8004868e+00
   7.0742657e+00  -2.4159282e+00
  -3.6476599e+00  -1.0306951e+00
  -6.0032406e+00  -8.7819060e+00
   1.1888882e+00   9.5388405e+00
   4.5639686e+00  -1.0754516e+01
   1.3597883e+01  -3.5693479e-01
  -3.7551730e+00  -1.3563942e+00
   6.8305145e-02  -1.1094632e+01
  -2.9626750e+00  -3.7817378e+00
   9.4300850e-01   2.9410039e+00
  -6.3528113e+00   7.2776200e+00
   7.6814370e+00   3.0249502e+00
  -2.8910597e+00   2.4174425e+00
   1.6287801e+00  -5.1879346e+00
   5.9764935e+00   6.1071477e+00
  -7.3811981e+00   6.6531286e+00
   3.2691073e-01   3.0256207e+00
  -2.2556384e+00   2.3155562e+00
  -2.9941888e+00   2.0553458e+00
   8.0525036e+00   1.9490589e+00
   4.2077268e+00  -1.1204874e+01
   9.4857013e+00  -8.2225649e+00
   1.9560401e+00   1.7447356e+00
   4.4304832e+00  -4.5580984e+00
   6.8600582e+00  -1.8850256e+00
  -3.3199522e+00   1.2036710e+00
  -9.4903118e+00  -4.3632770e+00
  -9.6813528e+00  -1.3232048e+00
   6.4289603e+00  -3.3817008e+00
  -3.6849871e+00  -2.6514440e-01
   7.5977073e+00  -3.1828000e-01
   1.1908025e+01  -5.2156379e+00
   6.4629316e+00  -3.5139116e+00
   5.3803605e+00   7.2631106e+00
   3.1765363e+00  -4.7793493e+00
  -4.8024550e+00  -1.0205832e+01
  -9.5827717e+00  -2.0375114e+00
   2.4833355e+00   8.4721587e+00
   6.4530060e+00   5.2606906e+00
  -1.0106659e+01  -3.1267954e+00
   2.0826261e+00   1.9786251e+00
   1.2492929e+01  -5.6403952e+00
  -3.2285816e+00   4.9038670e-01
   1.3720884e+00  -5.4344542e+00
  -6.3023180e+00  -8.5133350e+00
   1.4043382e+01  -5.9698700e-01
   4.1540731e+00  -1.1762264e+01
   5.5596513e+00   6.5690283e+00
   5.9106078e-01   3.0146940e+00
   5.9024348e+00  -3.2629240e+00
   7.6839327e-01  -4.8527434e+00
  -1.0042823e+00   3.1432876e+00
  -5.5421417e+00   7.7872529e+00
   7.5656377e+00   2.1082485e+00
  -2.2775460e+00  -4.4280785e+00
  -3.5550405e+00  -1.7314192e+00
   8.0592745e+00   2.5491983e+00
  -2.7847524e+00   2.7820765e+00
   1.9791199e-01   9.2022890e+00
   7.2716297e+00  -9.0619326e-01
  -2.0294718e-01   3.0904974e+00
  -1.7784834e+00  -4.1028364e+00
  -6.2427585e+00   6.6048326e+00
  -4.4143461e-01   3.6468808e+00
   8.0828909e+00   1.4584135e+00
  -2.5093373e+00  -3.1397044e+00
  -4.6113701e+00  -1.0312088e+01
  -9.0220821e+00  -6.0732081e+00
   1.5545371e+00  -4.9010297e+00
   1.6677835e+00   2.3476840e+00
  -3.0474454e+00   1.0790644e+00
   6.6138201e+00  -2.6129894e+00
   8.0878344e+00   7.9039009e-01
   7.2660603e+00   3.7972940e+00
   1.2191671e+01  -5.3108162e+00
   5.8517111e+00   6.7389050e+00
   1.4217172e+01  -1.8131846e+00
  -6.1850826e+00  -9.3305400e+00
  -9.8686334e+00   1.1761803e+00
  -8.9504943e-01  -5.1147393e+00
   2.0179701e+00  -5.0610910e+00
  -6.2738527e+00  -9.1392157e+00
  -8.9482547e+00  -5.7276337e+00
   9.9327188e-01   3.2099691e+00
  -1.9611336e-01   3.5228976e+00
  -1.0104153e+01  -1.7301689e+00
   3.2293583e-01   3.1877194e+00
   7.7396639e+00   1.2722881e+00
   6.5805939e+00  -2.3966965e+00
  -2.9654669e+00   2.5103291e+00
  -2.9766581e+00  -2.8952696e+00
   1.7618569e+00  -5.1108662e+00
   4.8962015e+00  -4.3293304e+00
  -2.3614206e+00  -2.9867606e+00
  -4.8936949e-02   3.4545745e+00
   7.6150076e+00  -1.6224179e-01
  -3.9662134e+00   1.0839888e+00
  -7.6767089e+00  -7.5024617e+00
   4.8558831e+00  -1.0672742e+01
  -3.4128577e+00  -1.0672397e+01
   4.3586734e-01   3.4266541e+00
  -6.4588399e+00  -8.4073359e+00
  -1.9289842e+00   3.2630452e+00
  -7.7873972e+00   5.7698440e+00
  -4.3807883e+00  -1.0104782e+01
   1.3228242e+01  -2.6132829e+00
  -4.1856177e+00  -3.5279214e-01
  -7.3758100e+00  -7.5077604e+00
   4.8137951e+00   7.1155491e+00
  -3.0679245e+00  -2.1926242e+00
  -4.4836334e+00  -9.5455352e+00
  -5.8466020e+00   7.4140273e+00
   6.7433311e+00  -2.6094406e+00
   7.4228882e+00   3.9663901e+00
   7.1654279e+00   4.8287573e+00
   6.8845209e-01  -5.4843160e+00
  -9.1645979e+00  -3.3168464e+00
  -3.5112655e+00   2.9071679e-01
   8.0370675e+00   2.3997988e+00
   6.2270136e+00   5.9773591e+00
  -3.8723721e+00  -7.9805084e-01
   2.6168817e+00   8.6857330e+00
  -5.4781007e-02  -4.9992681e+00
  -3.0197477e+00   1.3077700e+00
  -3.6770166e+00   8.7869960e+00
   3.0072576e+00  -1.1434615e+01
   1.1813785e+01  -5.4514719e+00
   3.7735028e+00  -1.1209104e+01
  -1.2964756e+00   3.2822208e+00
   7.8929732e+00   8.7556329e-02
   7.0756432e+00   5.1987678e+00
   1.7327062e+00   9.5948011e+00
   7.6960940e+00   3.4323949e+00
   6.8033717e-01   9.4002701e+00
  -2.5346590e+00   9.2692871e+00
  -6.5505655e+00   6.5370733e+00
   6.3398464e+00  -2.4515501e+00
   1.6797679e+00   8.7858257e+00
  -6.6642485e+00   7.7597719e+00
   3.0692115e+00  -4.5782432e+00
  -9.5930829e+00  -1.6036479e+00
  -5.6468206e+00  -8.7720898e+00
   7.4646750e+00   1.2205795e+00
  -5.6853172e+00   7.5439325e+00
  -6.4839729e+00  -7.8021992e+00
  -4.8717562e+00   8.0747719e+00
   6.3585291e+00  -3.1494791e+00
   5.7561612e+00  -3.7157889e+00
  -3.2947960e+00  -1.0169975e+01
   6.0676597e+00  -3.3532196e+00
   2.2830572e+00  -5.7556226e+00
   3.1143992e+00  -4.6573204e+00
  -2.9444558e+00  -1.0285210e+01
  -8.8448274e+00   5.3291801e+00
  -4.9576201e-02   3.5137047e+00
   4.6023597e+00   8.2204234e+00
  -3.9412505e+00  -1.5458387e+00
  -4.0039408e+00  -1.5324059e+00
  -9.8669573e+00  -7.5985174e-01
   1.6172816e+00   1.7801946e+00
  -5.5156991e-01   3.5273427e+00
   1.1095139e+01  -7.5884855e+00
   1.4524063e+01   3.0219561e-01
   7.0838617e+00  -2.7230628e+00
   7.4424354e+00  -4.1963899e-01
  -8.6271285e+00  -5.7833683e+00
  -2.5243265e+00  -1.0583358e+01
  -1.3319305e+00  -4.4411100e+00
   6.3077829e+00   6.2092082e+00
  -3.6268248e+00  -1.6842513e+00
   5.4730058e+00  -4.3891141e+00
  -4.9403762e+00  -9.4716904e+00
   1.4777370e+00   1.7202827e+00
  -3.3278370e+00   2.4112090e+00
  -1.0118222e+00  -4.3147038e+00
  -8.7257567e+00   5.3257465e+00
   7.2489104e+00  -2.0349316e+00
   3.9562005e+00   7.6873778e+00
  -2.6067169e+00   1.6519744e+00
  -2.4989840e+00  -1.1296351e+01
   3.0612449e+00   8.6485825e+00
   6.6744190e+00   6.4514467e+00
  -2.7452564e-01   3.0205432e+00
  -6.4086159e+00  -8.9706400e+00
  -2.7692448e+00  -1.0950493e+01
   6.5729822e+00  -1.6187479e+00
  -1.0366916e+01  -2.2621521e-01
   7.6555869e+00   5.7334912e-01
   2.2049356e+00   1.8339639e+00
  -1.9146301e+00  -4.3720446e+00
  -1.2931647e+00   3.0953515e+00
  -8.0958404e+00  -6.8167417e+00
  -9.3083306e+00  -5.1084106e+00
   7.4609474e+00   1.3007204e+00
   1.3668016e+01  -2.5172697e+00
  -2.3243732e+00  -3.5234559e+00
   9.1955853e+00  -8.3930783e+00
  -9.0604480e+00  -3.3153574e+00
   7.7856859e-01   8.7752702e+00
   3.6843989e+00  -4.5916092e+00
   1.3188580e+01  -3.5081552e+00
   6.8961531e-01   3.2085352e+00
  -4.0149092e+00  -1.5595161e+00
   3.1572148e-02   2.8273193e+00
  -2.0469669e+00   2.1872751e+00
   8.1794506e+00   2.0944349e+00
  -1.1139862e+00  -4.4341338e+00
   5.9729278e+00   7.1375173e+00
   1.0397561e+01  -7.7105022e+00
  -3.4579132e+00   7.5821836e-01
   1.3326883e+01  -1.6918817e+00
   7.5057386e+00   1.9793054e-01
  -1.2494413e-01  -4.5429301e+00
   1.1902140e-01   3.2262965e+00
   6.3002604e+00  -2.1612533e+00
  -9.6035694e+00   3.7609106e+00
  -8.3488233e-01   3.5320831e+00
  -3.6008793e+00  -1.6196376e+00
   5.0439258e+00  -3.8156378e+00
  -3.4957122e+00  -1.0418178e+00
  -2.3246439e+00  -4.0403204e+00
  -2.5945837e+00   2.0594201e+00
   7.7023356e+00   1.4060512e+00
   6.6519833e-01   2.5205262e+00
   4.9522133e+00  -1.0939097e+01
  -9.2568873e+00  -5.1232764e+00
  -3.9754826e+00  -9.9156119e-01
  -9.7456963e-01   3.5785692e+00
  -7.7329670e-01  -1.1005380e+01
   7.2932356e-01   2.8134081e+00
   1.6791739e+00   2.6210771e+00
  -7.1174809e-01   3.2586309e+00
   1.1782319e+00  -1.1923396e+01
   9.3888367e+00  -9.0042887e+00
   1.2401833e+01  -4.2489863e+00
   1.1338787e+00   2.6810425e+00
   1.0202974e+01  -8.5341978e+00
  -3.7632133e+00   1.1807814e+00
  -3.6100099e+00  -2.4634045e-01
  -3.9153329e+00   9.7622176e-01
  -2.4769348e+00   2.8395234e+00
   1.1355492e+01  -5.8882235e+00
  -1.7275875e+00  -5.0833822e+00
  -2.2867199e+00   2.9172613e+00
  -9.5374060e+00   1.8840800e+00
   9.4415889e+00  -8.7757600e+00
  -6.5438698e-01   9.5046242e+00
   7.0167620e+00  -8.0796544e-01
   5.6729218e+00  -3.9410851e+00
   1.5209747e+00   2.0967312e+00
   7.9617677e+00  -9.3943755e+00
  -3.0844858e+00  -2.7165441e+00
  -5.9513780e+00  -8.6655790e+00
  -4.8192355e+00   8.0731878e+00
   7.7021069e+00   1.8472954e+00
  -5.4587751e+00  -8.8838764e+00
   1.7820653e-01   2.6274590e+00
  -1.0318480e+01  -9.7797177e-01
   4.7996750e+00  -4.3298480e+00
   4.6610329e+00  -3.8862832e+00
  -8.6486184e+00   4.9149118e+00
  -1.2439056e+00  -1.1279049e+01
  -9.1661527e+00   2.7223113e+00
   1.2957126e+00  -5.7687514e+00
   7.5528195e+00   9.3444298e-01
  -1.6786844e-01   3.5623141e+00
   1.0898480e-01   2.7877049e+00
  -1.2322547e+00   3.3041692e+00
  -8.9191062e-01   3.1957657e+00
   5.4783148e+00  -3.2620593e+00
  -2.1083072e+00   2.3939998e+00
  -3.4504364e+00   8.7833923e+00
   7.1977502e+00  -1.6340592e-01
  -3.0365790e+00  -2.0558903e+00
  -3.0738085e-01   3.0184583e+00
  -5.0856814e+00  -9.1139434e+00
   2.6170982e+00   9.1883211e+00
  -6.0907010e+00   7.5678814e+00
   2.0128939e+00  -4.9077239e+00
   6.3286896e+00   6.1439411e+00
  -4.2371515e+00   8.5400035e+00
  -1.0306166e+01  -9.3044083e-01
   1.6874824e+00  -5.3983503e+00
  -2.1249919e+00   2.6427838e+00
  -1.0017835e+01   3.6527831e-01
  -3.2408067e+00  -1.8117396e+00
   2.9698342e+00   8.4050356e+00
   5.7117456e-01   3.2164284e+00
   1.9709744e+00   9.5294685e+00
   1.5919248e+00   2.6088294e+00
   1.0997429e+01  -7.8091398e+00
  -3.6455560e+00   8.9042672e-01
  -6.9292840e+00   6.0769129e+00
   5.3372918e+00   7.1918898e+00
  -9.7744567e+00   1.9699640e+00
  -6.4350260e+00   7.1324175e+00
   5.2351736e+00   7.0005562e+00
   6.8327444e+00   6.2853876e+00
  -6.3691335e+00  -8.4599404e+00
  -2.9895674e+00  -2.9645113e+00
   4.4184536e+00  -3.9589206e+00
   1.2024055e+01  -6.2441689e+00
  -5.9757299e+00   7.9047268e+00
   2.2611258e+00   9.2375345e+00
   3.9939727e-01  -1.1379535e+01
   1.2761983e+00   1.7803387e+00
  -9.5687511e+00  -1.8690699e+00
   7.1475576e-01   9.4940643e+00
   1.8495122e+00   2.7064977e+00
  -7.4618535e+00  -6.8836394e+00
  -6.9544257e+00  -8.5103171e+00
  -1.9199972e+00   2.1237871e+00
   6.2909421e-02  -4.9151189e+00
   1.5883176e+00   2.2474839e+00
  -2.2113493e+00   2.7945413e+00
  -1.0054155e+01  -3.0711266e-01
  -3.1932285e+00  -2.3562643e+00
   1.3402359e+01  -1.7576875e+00
   1.3564388e+00  -1.1286082e+01
  -6.5717053e+00   9.7562601e+00
   9.9629064e+00   5.4093543e-01
  -8.4453562e+00   8.1700818e+00
   8.0812834e-01  -1.2111266e+00
   9.8077162e+00   2.5480334e+00
  -1.0413161e+01   5.2543838e+00
   6.8470156e+00   9.1782129e+00
   3.3568494e+00   2.0171497e+00
   9.6662161e+00   2.1460212e+00
   7.2919877e+00  -4.8905586e+00
  -5.0844489e+00   2.5703396e+00
   3.6270949e+00  -6.6860831e+00
   3.0989352e+00  -5.4856904e-01
   8.0873859e+00  -4.3726287e+00
  -6.2283515e-01  -6.9116990e+00
   3.4482369e+00   4.2055624e-01
  -8.5407649e-02   4.9614999e+00
  -5.6597538e+00  -2.3224215e+00
  -1.1809337e+01   8.8563144e-01
  -6.5616207e+00   1.0372665e+01
   2.9603179e+00   3.3703677e+00
  -3.3716250e+00   3.9823545e+00
  -1.0003261e+01   5.7819378e+00
   7.1778332e-01   1.1365151e+01
   9.2064255e+00   3.8757774e+00
   9.6277456e+00  -6.1844229e-01
   8.0269157e+00  -3.7973479e+00
  -6.0030028e-01  -7.1563689e+00
   8.8369694e+00   6.4151138e+00
   1.4543350e+00   5.2978923e+00
  -9.0498054e-02  -8.2902171e-01
  -1.2204414e+01   7.8497099e-01
  -1.1874589e+01   3.1395089e+00
   1.9050887e+00   1.1753668e+01
   1.2407648e+00  -7.7170301e+00
   8.3788244e-01  -1.5806338e+00
   9.1597125e+00   4.3759012e+00
   3.7634576e+00  -7.0315598e+00
  -3.6214659e-01   1.1516556e+01
   2.9549315e+00   1.1269318e+01
  -3.7856917e+00  -5.6171541e+00
   9.3764267e+00   3.5677093e+00
   6.8187484e+00   8.8842575e+00
  -6.1010496e+00  -1.5807172e-01
  -1.1811607e+01   7.4276339e-01
   8.1093608e-01   5.5348491e+00
   9.9198010e-01  -1.6511639e+00
   6.3706979e+00  -6.0453574e+00
  -4.8498891e+00  -4.3623248e+00
   9.4511355e+00  -6.8789980e-01
  -4.5728117e+00   4.0990847e+00
   1.0827516e+00   1.1568092e+01
   3.2144083e+00   3.3779339e+00
  -4.9689963e+00   1.0722278e+01
  -5.6662271e+00  -3.0926839e+00
   9.6493313e+00  -3.1392144e-01
  -1.0849757e+01   5.4774779e+00
   3.6114134e+00   3.2932836e+00
   2.9295391e+00   1.0673788e+01
  -4.7062078e+00   3.0019094e+00
  -3.4610593e+00   1.1292886e+01
   3.7642539e+00   1.3548293e+00
  -2.9914050e+00   4.5464410e+00
  -7.4475876e-01   1.1455208e+01
  -1.7196980e+00   5.4031965e+00
   2.3201768e+00   1.1154614e+01
   5.1726106e-01   1.1547897e+01
   3.9052792e+00   1.0634265e+01
   1.7493607e+00  -7.4360482e+00
   3.2184553e+00   3.7343186e+00
  -3.9283948e+00   1.0835615e+01
  -5.0720699e+00   3.1157020e+00
   3.1061828e+00  -1.1928281e+00
  -1.5381084e+00   5.0216994e+00
   9.7446084e+00   4.2360235e+00
   5.8495354e+00  -6.7372262e+00
   1.0282418e+01   2.5769368e-01
  -3.2784676e+00   1.1121396e+01
   1.4989949e-01   1.1898572e+01
   2.7984405e+00   4.4799714e+00
  -5.7897493e+00   2.3977146e-02
  -4.9028179e+00   2.9599329e+00
  -4.9328225e+00  -3.9281289e+00
   9.6262233e+00   4.4793830e+00
   1.0120778e+01   3.8747270e+00
   4.1131657e+00   6.1309337e-01
   3.8621261e+00   6.0415592e-01
   1.4888604e+00  -7.5112536e+00
  -3.1561614e+00   4.0674322e+00
   3.3993050e+00  -6.6605639e+00
   4.4691062e+00   1.0858071e+01
  -2.9848023e+00   1.1006635e+01
   2.6265806e+00   4.1490569e+00
   8.9342549e+00   5.8078102e+00
   2.5696785e+00  -6.6363074e-01
   3.6808889e+00  -5.1291500e-02
   8.6999041e-01   1.1437253e+01
   8.9370001e+00  -2.6506617e+00
  -3.6795243e+00   3.7605734e+00
   1.5800590e+00  -1.7459732e+00
  -1.0524246e+01   6.4335400e+00
  -5.7345981e+00   1.7500257e+00
   8.7005461e-01  -1.6251919e+00
   3.9815340e+00   1.0950333e+00
   3.0945463e+00   1.1041130e+01
   3.6551679e-01  -8.8670526e-01
  -6.3291079e+00  -9.6956169e-01
   7.4734915e+00  -4.8411260e+00
  -5.0415065e+00  -4.2030101e+00
   8.8938502e+00   7.0495917e+00
   9.8134393e+00  -5.3778570e-01
   2.9418415e+00   3.9682823e-02
   9.9272132e+00   2.6615575e+00
   3.5149574e+00   2.0581225e-01
  -5.6364567e+00   1.0451442e+01
  -4.8886715e+00   3.4118485e+00
  -3.0862888e+00  -6.3093368e+00
  -5.6297558e+00   6.3733264e-01
  -1.4911079e+00   5.4171782e+00
   9.3989481e-01   5.3581950e+00
   5.0734679e-01  -8.0232115e-01
  -5.3049530e+00   1.1230711e+00
   1.0234713e+01  -3.7582865e-01
  -5.3008735e+00  -3.2838797e+00
   7.9880881e+00  -3.7290495e+00
   3.6455591e+00   1.5466429e+00
  -1.8113055e+00   1.1449128e+01
  -6.1565251e+00   5.9104303e-01
  -6.7263511e+00   9.2389685e+00
   5.7524301e+00   9.3710436e+00
  -5.1340937e+00   1.0426835e+01
  -1.2047017e+01   2.8736558e+00
   1.0058430e+01   2.2081694e-01
  -1.7285307e-01  -1.1128142e+00
   1.3376676e+00  -1.4615112e+00
   2.1378796e+00  -7.2460189e+00
   1.8274384e+00   4.2297327e+00
  -5.1868416e+00  -3.5178302e+00
  -7.0389348e+00   9.8245646e+00
   3.9895709e+00   4.0052474e-01
  -5.3486361e+00   8.8452698e-01
   9.3728167e+00  -2.4511723e+00
  -9.1636242e+00   7.8640809e+00
   7.3797883e-01   5.1455070e+00
  -5.3521926e+00   2.1404031e+00
  -9.2932941e+00   7.0429122e+00
  -1.5359343e+00   5.1450018e+00
   2.9835795e+00   4.1965303e-01
   2.2064664e+00   4.3113867e+00
  -1.1048020e+01   3.0303318e+00
  -2.8729513e+00   1.1334505e+01
   4.0438125e+00   1.7193045e+00
   3.3554838e+00   3.3862304e+00
   2.9848716e+00  -4.6243021e-01
   3.0498553e+00  -7.1692034e+00
   9.6039620e+00   7.5107650e-01
   1.4397181e+00   1.1089787e+01
  -8.9186606e-01   5.4462500e+00
  -2.9977373e-01  -8.5075243e-01
  -4.5901943e+00   3.2043496e+00
   3.5331337e+00   1.0875545e+01
  -5.3054673e+00   1.0290900e+01
  -5.6352879e+00  -1.7936812e+00
  -4.8669351e+00  -4.4575196e+00
   2.5243480e-01   5.5457603e+00
  -6.3133598e+00   9.9776529e+00
   2.6980627e+00   3.9304216e+00
  -3.5333052e+00   4.0709249e+00
  -1.1101934e+01   4.7372059e+00
   1.1745332e+00   1.1022216e+01
   3.3205536e+00   2.6250706e+00
   2.0451512e+00  -9.1910525e-01
  -1.7574779e+00   5.0821491e+00
  -1.0258370e+01   5.6375898e+00
   3.2328968e+00  -9.1612114e-01
   3.2802898e+00   1.2269440e+00
  -2.8079431e+00   1.1572539e+01
  -5.1240305e+00   1.1065198e+01
  -3.9333861e+00   3.9687812e+00
  -5.8182016e-02  -1.3128041e+00
  -7.0938481e+00   1.0033259e+01
   6.6144051e+00  -5.4896205e+00
   9.7232854e-01  -7.8465302e+00
  -9.6783300e+00   6.4793283e+00
   2.2050930e+00   4.1252853e+00
   3.4856731e+00  -9.4993061e-01
   2.3933016e+00  -1.1627906e+00
  -8.6596673e-01  -6.7555303e+00
   2.5070972e+00  -1.1312949e+00
   2.5387690e+00  -3.4709650e-01
  -5.1833545e+00   2.4384226e+00
  -4.9039967e+00   2.5570296e+00
  -4.8768461e+00   2.7919015e+00
  -4.3052372e+00   3.9862247e+00
   9.7916379e+00   1.1333727e+00
   4.1048447e+00   1.2849801e+00
   2.5044109e+00   1.1190952e+01
   3.3013848e+00   3.3977147e-01
  -4.3762543e+00  -4.6766779e+00
   1.1989297e+00  -1.1377378e+00
  -1.2232567e+00   1.1099860e+01
  -4.5128430e+00   4.0190498e+00
  -1.1238245e+01   2.7170983e+00
   1.5020525e+00  -7.5883772e+00
  -5.5313655e+00   1.4880381e+00
  -3.0576662e+00  -5.4722255e+00
  -2.6474369e+00  -6.3395595e+00
   7.0649486e-01  -7.0866211e-01
   8.1359773e+00   6.2464443e+00
   9.8342824e-01  -9.0136856e-01
   2.4061589e+00   4.1685724e+00
   3.7988050e+00   6.3717890e-01
   9.7745088e+00   6.1738350e-01
   3.6920060e+00   2.2957072e+00
   7.5471609e-01  -1.6621001e+00
  -5.5616094e+00   2.4067807e-01
  -3.1009894e-01   5.1361653e+00
   1.4018639e+00   1.0953542e+01
   9.1702074e+00   4.6392061e+00
   2.5234915e+00  -7.8811879e+00
  -6.1967342e+00   1.1091986e-01
  -9.7110952e+00   7.0065205e+00
   1.4214927e+00   5.3936057e+00
   9.7473090e+00  -7.6342732e-01
   3.9658366e+00   1.8877057e+00
   1.0711231e+00  -7.7254997e+00
   3.7716476e+00   4.6033959e-01
  -4.7397498e+00  -4.1137277e+00
   5.8390790e-01  -1.3759154e+00
  -6.0300970e+00  -2.1269060e+00
   9.4623140e+00  -3.9083471e-01
   8.3711546e+00  -3.6159706e+00
   9.7845059e+00  -1.7865557e+00
   9.4413173e+00  -1.9150260e-01
  -2.2335254e+00  -6.7185305e+00
  -2.8527881e+00  -6.4084065e+00
  -3.3641108e+00  -5.3743727e+00
   1.3558873e+00  -8.3072700e-01
  -2.7165529e+00  -6.7366535e+00
  -1.1922969e+01   2.0849580e+00
  -5.7166328e+00   1.0018202e+01
   1.5242131e+00  -7.7614385e+00
   6.2968888e-01   1.1163783e+01
  -5.3613187e+00   2.3875729e+00
  -1.2641116e+00  -7.0029768e+00
   1.7297607e+00   4.9639950e+00
   1.2168256e+00  -1.4906140e+00
   8.1436254e+00   6.7201154e+00
  -3.8325296e+00   1.0874405e+01
  -9.8653132e+00   6.1736645e+00
  -5.8899649e+00  -2.9425386e+00
   3.5989756e+00   1.3458642e+00
   4.9854199e+00   9.7515714e+00
   5.2435722e-01   5.4787924e+00
  -3.4086947e+00  -6.3282395e+00
   9.4103018e+00   5.5805836e+00
   6.1340560e+00  -5.8812775e+00
   9.5833399e+00   2.0482383e+00
  -2.1460469e+00  -6.1297077e+00
  -3.1780666e+00   4.9978164e+00
  -5.5804975e+00   2.1088300e-02
   2.9504040e+00   3.5129819e+00
   2.9610540e-01   4.7962259e+00
   1.0766083e+00   4.7123183e+00
   6.8535334e-01   1.1363014e+01
   3.3475292e+00   2.3184870e+00
   9.1707199e+00  -3.0263478e+00
   8.0949028e+00  -3.2510271e+00
  -3.2769509e+00   1.1166645e+01
  -4.9236439e+00   3.5179080e+00
  -5.4689738e+00  -3.6434343e+00
  -4.1325458e+00  -4.9748295e+00
   2.8135863e+00  -6.7807225e-01
  -8.0641407e-02  -9.4920441e-01
   9.5530197e+00   4.0658493e+00
   2.1924193e+00   4.9218546e+00
   5.3024748e+00  -6.4206797e+00
   2.5316135e+00  -5.3906224e-01
  -5.8323517e+00   1.1676146e-01
   1.1906951e+00  -1.0895532e+00
   4.4632866e-01  -7.5161659e-01
   2.0960466e+00   4.3952547e+00
  -6.3238776e+00  -6.2090609e-01
   2.4912432e+00  -5.7352626e-01
   1.7745893e+00  -1.6630034e+00
   2.5834172e+00  -6.2231970e-01
   9.4638679e+00   3.9919714e+00
   6.6110548e+00  -5.6718497e+00
   4.0143640e+00  -7.0395402e+00
  -4.4335640e+00   3.6440540e+00
   5.5348555e+00  -6.0004655e+00
  -6.1635713e+00   2.3910298e-01
  -3.7367517e+00   4.1567948e+00
   6.9531252e+00   9.2988851e+00
  -7.5510220e+00   9.2228605e+00
   3.4845900e+00   2.6142238e+00
  -1.0199027e+01   6.0925176e+00
   1.0853597e+00  -1.2642113e+00
   3.4034762e+00  -4.8642552e-01
   6.4712145e+00  -5.4522320e+00
   2.5137127e+00  -1.4379306e+00
   1.0283610e+01   2.1842252e+00
   9.1449707e+00  -2.6414250e+00
   3.4557844e+00  -2.7893534e-01
   4.1076226e+00   1.3413340e+00
  -1.7071811e+00  -7.1666638e+00
   7.8461272e+00  -4.4794597e+00
   2.6523557e+00  -6.7905595e+00
   7.8441502e+00   8.1947244e+00
  -2.0821784e-01   5.6319939e+00
   8.5399766e+00  -2.9905917e+00
  -8.9790992e+00   8.2338399e+00
   9.6693480e+00  -2.1108198e+00
   6.3108368e+00  -6.1982311e+00
  -1.3599667e-01  -9.1523071e-01
  -5.8796761e+00  -4.3201689e-01
   3.0310557e-01  -7.7997655e-01
  -4.9121195e+00   1.0189708e+01
   1.4886570e+00  -1.0067362e+00
   3.2931228e-01   5.1104413e+00
  -3.1705966e+00  -5.6491390e+00
   3.9553551e+00   2.7025651e+00
  -1.1763379e+01   3.6692840e+00
  -3.8225228e+00  -4.5270312e+00
  -1.1186483e+01   3.6954562e+00
  -1.1136585e+00  -7.2699058e+00
   4.8015112e-01   5.1484298e+00
   2.5996639e+00  -7.1093918e+00
  -7.5467156e+00   8.9254832e+00
   5.0725941e-04   5.6745719e+00
   2.9146019e+00   3.4872574e+00
  -5.9744612e+00  -1.3348838e+00
   3.5469697e-01   5.4461817e+00
  -1.1860783e+00  -6.6220277e+00
  -5.2733248e+00   2.8330432e+00
   3.3719231e+00   1.3288376e+00
   6.2453850e+00   8.6942040e+00
  -2.7978615e-02  -6.9403704e+00
  -2.3901281e+00   1.0878596e+01
  -1.1775549e+01   1.7725604e+00
   3.8924974e+00   2.1563007e+00
   9.8389021e-01   1.1838541e+01
   3.0916988e+00   3.6032839e+00
   8.5242877e-01  -1.1327262e+00
   6.3501962e+00  -5.5982451e+00
  -5.7180843e+00  -2.0906416e+00
   2.8030898e+00  -4.8220523e-01
  -3.1487880e-01   5.0249040e+00
  -4.1336330e+00  -4.0326609e+00
   7.8020188e+00  -4.7107901e+00
   9.3740071e-01  -1.3525609e+00
   2.2753600e+00  -8.2524999e-01
   2.7976526e+00  -1.0980427e+00
  -5.9171005e+00  -6.2953883e-01
  -3.3684560e+00   1.1416235e+01
  -7.6010874e+00   9.0030953e+00
  -2.1803103e+00   4.5374815e+00
  -4.9263881e+00   2.5820942e+00
   2.9847583e+00  -7.5473209e-01
   9.7882574e+00   4.4299805e+00
   1.0230832e+01   2.9156570e+00
  -3.9874072e+00   3.6356672e+00
   3.8700535e+00   7.9838921e-01
  -6.1437827e+00   1.3971914e+00
  -9.6947562e+00   5.9817053e+00
  -4.0963687e+00   3.5977942e+00
  -3.8301613e+00  -5.4979270e+00
  -1.8836223e+00   5.1526091e+00
   4.6172806e+00   1.0249350e+01
   9.7502118e+00   2.2214405e+00
  -2.0274085e+00  -7.1330648e+00
  -4.6857497e+00  -3.7115705e+00
   9.6110194e+00   4.1652365e+00
  -1.0203947e+01   6.1792733e+00
   3.6763068e+00   3.2571626e-01
  -6.9459567e-02   5.5536835e+00
   6.7313347e+00   8.6282925e+00
  -1.1861856e+01   2.0821473e+00
  -2.0670743e+00   1.0937430e+01
  -4.7078736e+00  -4.5743397e+00
   3.8230386e-01  -9.6014904e-01
  -4.0301462e+00   4.4987160e+00
  -3.9868511e-01   4.8378974e+00
   7.7184175e-01  -1.5905034e+00
   5.2864523e+00  -6.3173107e+00
  -5.9638601e+00  -1.3497455e+00
   2.6411984e+00   4.1187235e+00
   3.8430727e+00   2.1253064e+00
  -5.4702091e+00  -5.2747908e-01
   2.3475878e+00  -7.6659036e-01
   2.2967048e-01  -7.5475575e+00
  -5.1740972e+00   1.5367868e+00
   8.7591995e-01  -1.0913109e+00
   2.8152509e+00   4.1423949e+00
   6.6812401e+00  -4.8274327e+00
   3.4606384e-01  -1.4222266e+00
  -5.7818939e+00  -1.0351333e-01
   2.9251557e+00   2.9691295e+00
   5.3293023e+00   1.0456743e+01
   9.1717872e+00   6.4109312e+00
   1.6538252e-01   5.2159412e+00
   3.3130410e+00  -3.6414806e-01
  -5.0306948e+00   3.5801267e+00
  -5.3465541e+00   7.5667232e-01
  -5.2347156e+00  -2.8003134e+00
  -1.0363026e+01   5.5722411e+00
  -4.4075381e+00  -4.5503901e+00
  -1.2053417e+01   1.9993202e+00
   6.3456785e+00   9.1812681e+00
   1.0296543e+01   5.4802075e-02
   1.4776572e+00   4.5561443e+00
  -9.9329355e-01   4.8778406e+00
   5.7668583e+00   9.1148019e+00
   8.4907661e+00   5.8944711e+00
   5.8813704e-01  -1.4724442e+00
   8.5412494e-01  -9.2106736e-01
   1.0221460e+01   1.7367787e+00
   8.7217084e-01  -1.6323752e+00
  -6.2917889e+00  -1.6380074e-01
  -4.9195783e+00   3.8068590e+00
   2.7938637e+00  -1.3072992e+00
   3.7762708e+00   3.0113449e+00
  -5.3076839e-01   5.8026885e+00
  -3.6612258e+00   4.5412358e+00
   3.1700269e+00   3.7947624e+00
   3.4470473e-01  -1.4946407e+00
  -6.0238305e+00   6.3678698e-01
   2.9923860e+00  -3.6473631e-01
   8.0190175e+00   8.0837245e+00
  -3.2862907e+00   1.1498468e+01
   4.3328022e+00   1.0203088e+01
   5.3126466e-01  -8.0947235e-01
   6.3175071e+00   8.9429405e+00
   2.3745321e+00  -9.9181026e-01
   7.8904819e+00  -4.2876830e+00
   4.4075333e+00   1.0507892e+01
  -1.1183468e+01   2.9679783e+00
   4.2373289e+00   1.8612644e+00
   7.9284783e+00   7.6142135e+00
  -3.3678494e+00  -5.9491558e+00
   3.9640414e+00   3.2842446e+00
   4.4065364e+00   9.8995076e+00
   5.8418770e+00  -6.3998805e+00
  -5.2958511e+00   3.1913685e+00
  -5.7654879e+00  -2.5153393e+00
  -5.3683501e+00  -3.5337297e+00
   4.0125132e-01   4.8260692e+00
   9.7905811e+00   3.3959301e+00
   3.9826506e+00   4.0525655e-01
  -5.5407320e+00  -9.1621775e-01
  -4.4014683e+00  -5.1144615e+00
   3.3695396e+00   1.4979598e+00
  -1.6011225e+00  -6.9260646e+00
   1.7598784e-01   5.0192276e+00
   3.7043836e+00   3.8458718e-01
   4.0851540e+00  -6.5535476e+00
  -2.0502777e+00   1.1522793e+01
  -1.0066053e+01   5.7354908e+00
  -3.0001725e+00   1.1384660e+01
   9.8180529e-01  -1.5496246e+00
  -5.2978804e+00   1.8084373e-01
  -4.4460055e+00  -3.7593821e+00
  -2.5646321e-01  -7.0957451e+00
  -5.6204559e+00  -2.4383409e+00
  -4.7511506e-01  -7.1621810e+00
   3.2136085e+00  -7.1431731e+00
   6.6104100e+00  -5.4548470e+00
  -4.9694225e+00   3.6576465e+00
  -3.1411474e-01  -6.7554539e+00
   6.3196861e+00  -6.0687377e+00
  -1.7111511e+00   4.7770653e+00
   1.0200485e+01   3.0030597e+00
   5.9587273e+00   9.5850319e+00
  -5.3322221e+00  -2.0641099e-01
   5.6331229e+00  -6.0610569e+00
   7.6401099e+00   8.4137248e+00
   5.7436100e+00  -5.8764620e+00
  -4.8193447e+00   3.4279195e+00
  -3.7194682e+00   4.4548392e+00
   4.6897605e+00   9.9522243e+00
  -3.5583403e+00   3.9732466e+00
  -6.3783453e-01   5.1826978e+00
  -1.4918125e+00   5.6482839e+00
   3.7611818e+00   1.0748164e+01
   8.8269991e+00  -3.2816508e+00
   4.2418475e-01  -1.0322575e+00
  -3.0752508e+00  -5.9202228e+00
   3.3413222e+00   1.8492329e+00
   3.7492136e+00   1.5041472e+00
   9.5709830e+00   1.1511705e+00
   6.8048752e-01  -9.5802376e-01
  -9.1825201e+00   7.7922540e+00
  -1.2393615e+01   3.9170221e-01
  -4.8174844e+00   2.7012980e+00
  -5.0499935e+00   1.1095577e+00
   8.8430530e+00   6.7202353e+00
   3.4739149e+00   1.0402915e+01
   2.2679563e+00   4.8919806e+00
  -4.3924394e+00  -3.7918990e+00
   3.3409066e+00   2.4681382e+00
  -3.7840073e+00   4.0315256e+00
   5.8692341e+00   9.2262619e+00
   2.8625280e+00  -4.0357005e-01
   1.7884672e+00   4.3713368e+00
   8.8629328e+00  -3.9395303e+00
  -5.1520006e+00   2.9671354e+00
  -2.7416901e+00  -6.3722571e+00
   3.3780101e+00  -2.3176677e-01
   2.8780496e+00   1.1290107e+01
  -1.9280342e+00  -6.2304075e+00
  -4.4944365e+00  -4.6060836e+00
   1.3119393e+00  -1.0249487e+00
   6.3492856e+00   8.8039341e+00
   3.5362147e+00   1.0801666e+01
  -4.7894729e+00   3.0093799e+00
   9.9198226e+00   8.7925235e-01
  -5.4720523e+00   5.2350918e-01
   2.3319665e+00   4.3285310e+00
   1.8945511e+00  -9.3798400e-01
   8.7664929e+00   6.7499161e+00
   9.4999156e+00   5.1999208e+00
  -5.5731405e+00  -6.1268699e-01
  -1.1411570e+01   3.2409669e+00
   3.4763250e+00   3.3973346e+00
  -8.3681183e+00   8.9257469e+00
   9.5723811e+00   3.9370440e+00
  -4.8786863e-01  -6.9823314e+00
  -2.6439109e+00   5.2373517e+00
  -1.0965691e+01   4.6061681e+00
   7.7592415e-01  -8.0486180e-01
   3.3778818e+00   2.2300289e+00
   9.7814453e-01  -8.0866133e-01
   2.3026031e+00  -1.0275648e+00
  -5.6998254e+00  -3.3833159e-01
   2.2617909e+00   4.8430545e+00
  -3.8872976e+00  -5.4647201e+00
  -9.5045166e+00   7.9624956e+00
   3.6183161e+00   8.1083382e-01
  -1.2160314e+01   2.4044885e+00
  -5.4326936e+00   1.1272798e+00
   1.6937888e+00   4.8579550e+00
   8.7318909e-01  -1.5201280e+00
  -4.7969453e+00   2.9372531e+00
   8.9568193e+00  -2.4114484e+00
   1.4175881e+00  -1.2896142e+00
   3.8001076e+00   2.4784050e+00
  -4.1052656e+00   4.6233351e+00
   3.9370179e+00   1.3049284e+00
   2.3267487e+00   3.8159621e+00
   3.2332541e+00  -3.2997256e-01
  -5.7092049e+00   4.0344672e-01
   1.3212452e-01  -1.1115249e+00
  -4.4220304e+00   1.1043496e+01
   8.9285381e+00   5.6559768e+00
   4.2573904e+00   9.2035335e-01
   1.1770987e+00  -1.7082676e+00
   1.5212791e+00   1.1426598e+01
   7.7580315e-01  -7.6297109e-01
   6.7101156e-02  -7.4938814e-01
   5.1621702e-01  -1.6359067e+00
   6.1799007e-03   1.1043329e+01
  -6.9749019e+00   9.3438019e+00
  -1.1139352e+01   4.7053987e+00
  -1.9733934e-01  -7.5819154e-01
  -8.7330014e+00   7.9743221e+00
   3.2141784e+00   3.6453318e-01
   3.8196637e+00   1.1500552e+00
   3.4670019e+00   5.5142737e-01
   2.6704904e+00  -6.3580091e-01
  -9.9903987e+00   6.8462997e+00
   1.9338341e+00   5.0793412e+00
   2.6339371e+00  -1.2227925e+00
   9.7458115e+00  -2.1515818e-01
  -7.6477223e+00   9.3334906e+00
   2.1508403e+00  -7.5299013e+00
  -5.7280078e+00   1.6861989e+00
  -3.6636701e+00   3.8803766e+00
  -6.1416215e+00   1.0128516e+01
   3.4754906e+00   2.9362488e+00
   5.7582030e+00   9.5174708e+00
   5.3180514e+00  -6.7206861e+00
  -5.7469632e+00  -1.1381128e-01
   5.8121233e+00   9.1807460e+00
   9.9097882e+00   2.6752276e+00
  -2.8489939e+00   4.8506854e+00
  -3.4946259e+00   5.0284481e+00
   8.9561133e+00  -3.6187795e+00
   1.7232265e+00   1.1589174e+01
   9.0054464e+00  -1.7522709e+00
  -2.8574827e-01   5.5592322e+00
  -6.1124896e+00   6.1052719e-01
   1.0836474e+00  -1.7476323e+00
   9.3454815e-01  -8.0926129e-01
   1.2699944e+00  -1.1857251e+00
   1.9695284e+00  -1.4842756e+00
  -3.5500012e+00   3.7439944e+00
   2.3841821e+00  -4.6000515e-01
   4.5805876e+00  -6.7619758e+00
  -5.6801608e+00   1.8020500e+00
   3.4564990e+00   2.1924312e+00
   8.6297745e-01  -8.0381198e-01
   5.4325973e+00   9.8503235e+00
  -1.7812708e+00  -7.0774515e+00
   6.4362484e+00  -6.1606899e+00
  -1.2139656e+00   5.1758942e+00
  -4.3811391e+00  -4.3666531e+00
   4.6705890e+00  -6.4660419e+00
   9.7879409e+00   2.3890526e+00
  -4.4531734e-01   5.2825410e+00
   2.9905377e+00  -8.6683266e-01
   9.6431149e+00   6.6542879e-01
   4.2155752e+00   2.2500835e+00
  -1.7671963e+00  -7.3519719e+00
  -9.9674191e-01  -7.0558570e+00
  -8.6822829e+00   7.9489741e+00
   3.5137108e+00  -4.6750773e-02
   7.0750444e+00  -5.2071405e+00
  -3.6652653e+00  -5.7628757e+00
   9.2012934e+00  -1.1178466e+00
   6.5316525e+00  -5.7728685e+00
  -3.2331010e+00  -5.3137359e+00
  -4.2038434e+00  -4.0138694e+00
   6.8447241e+00   9.1563752e+00
   3.1977661e+00   3.4909001e+00
  -3.2058659e+00   4.4760199e+00
  -9.8313376e+00   6.8778983e+00
   6.0473108e+00  -5.8583677e+00
  -1.5129306e+00  -7.0484329e+00
   7.4136389e-01   1.1546134e+01
   1.0138992e+01   2.9672325e+00
   1.5660828e-01  -7.0423241e+00
   7.8124102e+00   7.5529240e+00
   6.9846524e+00   8.8586507e+00
   2.1459938e+00  -1.1470472e+00
   7.4487515e-01   5.3155212e+00
   2.6138105e+00  -1.3240808e+00
   9.9327076e+00   1.0971990e+00
   3.0482312e+00   2.7158814e+00
  -1.1848231e+01   3.3347602e+00
  -3.1545210e-01   1.1897025e+01
  -7.0863261e+00   1.0467563e+01
   1.1370816e+01   5.1904577e-01
  -8.9936597e+00   8.9865818e+00
   7.0294965e-01  -2.4416236e+00
  -9.8764990e-01  -1.0591330e+00
   1.0996505e+01   2.5621661e+00
  -1.1782284e+01   5.0222111e+00
   7.5240172e+00   9.1726626e+00
   4.2564309e+00   2.4146127e+00
   1.0805287e+01   2.7355460e+00
   8.1900491e+00  -4.8926457e+00
  -6.4991907e+00   2.6903270e+00
   3.8472682e+00  -8.1375586e+00
   3.1294956e+00  -1.6282607e+00
   8.8567506e+00  -5.6180795e+00
  -1.3068266e+00  -7.7556677e+00
   4.4591817e+00   5.5119492e-01
  -2.0603209e-01   6.4593980e+00
  -6.3775572e+00  -3.0129975e+00
  -1.2503609e+01   1.2178604e+00
  -6.9007651e+00   1.0624637e+01
   3.5960461e+00   4.1104611e+00
  -4.3777234e+00   5.2495508e+00
  -1.1533573e+01   6.6277485e+00
   6.4337429e-01   1.2963751e+01
   1.0748807e+01   4.6582122e+00
   1.0916869e+01  -5.4823279e-01
   8.9028602e+00  -4.5206532e+00
  -1.1782820e+00  -7.6134230e+00
   8.9088790e+00   7.4358981e+00
   1.6342025e+00   5.4984209e+00
   1.1531675e-01  -1.2701964e+00
  -1.3199710e+01   7.3750209e-01
  -1.2928640e+01   2.8787448e+00
   1.6073697e+00   1.2694534e+01
   1.5716493e+00  -8.3911133e+00
   1.6659206e+00  -2.2340227e+00
   1.0250929e+01   4.0111520e+00
   4.1839595e+00  -7.7365336e+00
   5.3635464e-01   1.2831460e+01
   3.2137019e+00   1.1584880e+01
  -4.1698201e+00  -6.0441188e+00
   1.0608182e+01   3.4843455e+00
   7.2329943e+00   9.8617104e+00
  -6.3676040e+00  -4.3531882e-01
  -1.2743965e+01   1.1609906e+00
   6.2400268e-01   5.6968632e+00
   1.0231028e+00  -2.6310222e+00
   7.1596937e+00  -6.2641657e+00
  -5.6043929e+00  -5.4091589e+00
   1.0655589e+01  -1.2479499e+00
  -4.6782109e+00   4.7286907e+00
   9.1146619e-01   1.2631863e+01
   3.7047328e+00   4.2244207e+00
  -5.5812022e+00   1.1722652e+01
  -6.4623418e+00  -3.8781936e+00
   1.0917068e+01  -7.7149827e-01
  -1.1510115e+01   6.4023452e+00
   4.2421050e+00   4.1838185e+00
   2.9632789e+00   1.1632034e+01
  -5.7197418e+00   3.6339065e+00
  -4.1398859e+00   1.2386915e+01
   4.2704621e+00   1.5935187e+00
  -3.7867160e+00   4.7400657e+00
  -3.8689698e-01   1.2393525e+01
  -2.0125819e+00   6.5484588e+00
   3.4050909e+00   1.2455986e+01
   5.1405579e-03   1.2178495e+01
   4.7412591e+00   1.1202507e+01
   2.1009292e+00  -8.4235418e+00
   3.9972323e+00   5.0207784e+00
  -3.9229034e+00   1.1578612e+01
  -5.0569742e+00   4.1539700e+00
   3.2863890e+00  -1.3651097e+00
  -1.5551108e+00   5.6682548e+00
   1.0468757e+01   4.4391796e+00
   5.7662939e+00  -7.5420983e+00
   1.0848160e+01   1.0956494e+00
  -3.0540566e+00   1.2014911e+01
  -9.1283438e-02   1.2158699e+01
   3.6099623e+00   4.7355536e+00
  -6.3720709e+00   2.4750297e-01
  -5.4678052e+00   4.3919574e+00
  -5.3954957e+00  -4.8082912e+00
   1.0734086e+01   4.0818518e+00
   1.0859755e+01   3.6516471e+00
   4.5069130e+00   1.1322719e+00
   4.8206343e+00   3.0186775e-01
   2.1923120e+00  -7.9690855e+00
  -4.2235679e+00   5.5092024e+00
   4.1298828e+00  -7.8233662e+00
   4.8693028e+00   1.1830657e+01
  -2.9901516e+00   1.1826029e+01
   3.1580325e+00   4.2246407e+00
   9.6007625e+00   6.3749466e+00
   2.6318309e+00  -1.4409486e+00
   4.0982987e+00  -5.9685363e-01
   6.3832457e-01   1.2077020e+01
   1.0245249e+01  -3.2523482e+00
  -4.1734483e+00   4.4187569e+00
   1.9947889e+00  -1.9002736e+00
  -1.0948899e+01   6.7289651e+00
  -6.4703019e+00   1.5795567e+00
   1.3029220e+00  -2.5927908e+00
  -7.1717246e-01  -8.4477235e-01
   4.8586055e+00   9.1859299e-01
   2.8680799e+00   1.1841017e+01
   1.2015065e+00  -2.0333390e+00
  -6.6467728e+00  -1.1892004e+00
   8.0063998e+00  -5.6207689e+00
  -5.1683882e+00  -5.0546548e+00
   9.5744384e+00   7.1134589e+00
   1.0499420e+01   3.3064839e-02
   3.6264437e+00  -1.0079109e+00
  -5.7080307e-01  -1.2351128e+00
   1.1207222e+01   2.3112216e+00
   4.7428654e+00   3.0697471e-01
  -5.9833484e+00   1.1108264e+01
  -5.3737060e+00   4.1105568e+00
  -3.0835700e+00  -7.4586775e+00
  -6.8769971e+00   7.1018831e-01
  -1.4270482e+00   6.1524086e+00
   6.7885819e-01   6.6085653e+00
   6.1438057e-01  -2.0166432e+00
  -6.6714847e+00   1.2026715e+00
  -5.0993484e-01  -1.3936640e+00
   1.1239036e+01   1.3405359e-01
  -5.8212075e+00  -3.7981828e+00
   9.4478797e+00  -4.8463901e+00
   4.3756399e+00   2.8413642e+00
  -1.0194778e+00   1.2757067e+01
  -6.7434566e+00   1.1935501e+00
  -7.2522570e+00   1.0406398e+01
   5.8200597e+00   1.0185975e+01
  -6.0540718e+00   1.1086917e+01
  -1.3132253e+01   2.6822498e+00
   1.0776866e+01  -4.6764523e-01
   1.6298689e-01  -1.6173477e+00
   1.4482243e+00  -2.2952212e+00
   1.9935835e+00  -8.1593250e+00
   2.5913661e+00   5.0865816e+00
  -5.8424502e+00  -3.8608283e+00
  -6.7744041e+00   1.0317046e+01
   4.2849505e+00  -9.4615901e-02
  -6.7247548e+00   1.4625209e+00
   1.0248355e+01  -3.1157789e+00
  -9.4342173e+00   8.7683986e+00
  -3.3247468e-01  -1.4439560e+00
   8.7897446e-01   6.1175378e+00
  -5.7832869e+00   2.4926102e+00
  -1.0242870e+01   8.1218195e+00
  -1.6908316e+00   5.9364436e+00
  -1.0379995e+00  -8.0820134e-01
   4.0534992e+00  -3.0319071e-01
   2.9761798e+00   4.9868555e+00
  -1.2796590e+01   3.2288425e+00
  -3.7075222e+00   1.1934015e+01
   5.0501872e+00   2.0869317e+00
   3.4289065e+00   3.6877244e+00
   4.1138435e+00  -6.9871443e-01
   2.9541975e+00  -8.7421007e+00
   1.0539411e+01   1.1789750e+00
   8.3306887e-01   1.2232825e+01
  -1.1917851e+00   6.5988409e+00
  -5.5358056e-02  -1.7119392e+00
  -5.3414993e+00   4.0924958e+00
   4.1323385e+00   1.1324045e+01
  -6.1916513e+00   1.1097903e+01
  -6.7489328e+00  -2.2217246e+00
  -5.2181916e+00  -4.6075089e+00
   2.9760745e-01   6.3468962e+00
  -6.4513119e+00   1.0982914e+01
   3.6855797e+00   4.5457370e+00
  -4.3093807e+00   4.5871417e+00
  -1.2126582e+01   5.8188250e+00
   1.5564764e+00   1.2327978e+01
   3.9877373e+00   3.1454928e+00
   3.3471881e+00  -1.5818586e+00
  -4.1658041e-01  -1.7224560e+00
  -1.3234941e+00   5.9009425e+00
  -1.1501612e+01   6.4307518e+00
   4.1658647e+00  -1.2169337e+00
   4.5258270e+00   1.4170473e+00
  -3.2854918e+00   1.2099308e+01
  -5.4039309e+00   1.1422825e+01
  -4.8492217e+00   4.3483976e+00
  -7.0588250e-02  -1.6481552e+00
  -7.7572283e+00   1.0289021e+01
   8.2117474e+00  -5.7780602e+00
   9.1256123e-01  -8.5294326e+00
  -1.0356059e+01   7.3155464e+00
   2.4625199e+00   5.1908022e+00
   4.2056360e+00  -5.3995508e-01
   3.0972517e+00  -2.1064132e+00
  -7.4726956e-01  -7.7487254e+00
   3.3139346e+00  -7.8192220e-01
   3.5723102e+00  -1.2522430e+00
  -5.5293226e+00   2.9746421e+00
  -5.8278921e+00   2.9445178e+00
  -5.2598180e+00   3.4589325e+00
  -4.6200534e+00   4.4886298e+00
   1.0624541e+01   1.1845182e+00
   5.2127899e+00   2.0221481e+00
   2.4129809e+00   1.2149731e+01
   4.7874404e+00   5.1559241e-01
  -5.4865476e+00  -5.0105809e+00
   1.1492565e+00  -2.5355632e+00
  -1.7053017e+00   1.2460140e+01
  -5.0651651e+00   4.0279846e+00
  -1.2359804e+01   3.0498691e+00
   1.6072651e+00  -8.7528804e+00
  -6.5249455e+00   2.3238705e+00
  -3.5120101e+00  -6.2866370e+00
  -2.5997964e+00  -6.9759129e+00
   6.8312034e-01  -2.4107886e+00
   9.2600238e+00   7.2123448e+00
   1.9120960e+00  -2.6851668e+00
   2.1016887e+00   5.0722346e+00
   4.6974642e+00  -2.2145857e-01
   1.0887467e+01   5.8127735e-02
   4.8362489e+00   2.6004869e+00
   9.7684025e-01  -1.8633206e+00
  -7.1321037e+00  -5.8508038e-01
  -1.9400391e-01   6.0428562e+00
   1.5287626e+00   1.2365375e+01
   1.0142890e+01   4.5926233e+00
   1.9756242e+00  -8.1584730e+00
  -6.8789446e+00  -5.5437276e-01
  -1.0113957e+01   8.3419549e+00
   1.7803967e+00   6.1839537e+00
   1.0527601e+01  -3.5724634e-01
   4.6250128e+00   1.4082253e+00
   2.7121012e-01  -8.8447243e+00
   4.7551323e+00  -2.7429243e-01
  -5.9444943e+00  -3.7972464e+00
   1.1737653e+00  -2.1675441e+00
  -6.6175471e+00  -2.8301206e+00
   1.0580484e+01  -7.0947683e-01
   9.6849414e+00  -3.3876962e+00
   1.0546373e+01  -2.0422946e+00
   1.1265473e+01  -8.7667972e-01
  -2.6801509e+00  -6.9027903e+00
  -2.5545550e+00  -6.6839931e+00
  -3.7448629e+00  -6.2238371e+00
   2.1284411e+00  -2.2029584e+00
  -3.0161642e+00  -6.8977433e+00
  -1.2531840e+01   1.4396069e+00
  -6.1435883e+00   1.0805141e+01
   1.4899457e+00  -7.9814028e+00
   3.0749322e-01   1.2115923e+01
  -5.9067477e+00   2.6611218e+00
  -2.2396819e+00  -8.1112740e+00
   1.4346004e+00   6.0433303e+00
   2.0753095e+00  -1.7935813e+00
   8.9105912e+00   7.2217500e+00
  -3.8998816e+00   1.1679405e+01
  -8.3863977e-01  -9.7730118e-01
  -1.1007542e+01   6.8715328e+00
  -6.4907672e+00  -3.1073234e+00
   4.7894870e+00   6.9579893e-01
   5.3811293e+00   1.1561865e+01
   3.4377084e-01   5.7420390e+00
  -3.3451775e+00  -6.5415117e+00
   9.6424845e+00   6.4546032e+00
   6.2806858e+00  -7.2190648e+00
   1.0794156e+01   2.0960273e+00
  -2.0417947e+00  -7.7025951e+00
  -3.2870520e+00   5.7639555e+00
  -6.7738496e+00   9.1943962e-02
   3.3173434e+00   4.3575348e+00
   4.2239577e-01   5.9174597e+00
   1.9665423e+00   5.4190834e+00
   7.1997817e-01   1.2047347e+01
   4.5029475e+00   2.7267111e+00
   9.7785780e+00  -3.1041162e+00
   9.5609860e+00  -4.5946134e+00
  -4.0671489e+00   1.1530225e+01
  -4.9465860e+00   4.3027618e+00
  -5.6848033e+00  -4.2490549e+00
  -4.9345029e+00  -5.7520841e+00
   2.7658229e+00  -1.3131199e+00
   3.3684964e-01  -1.7056261e+00
   1.0678316e+01   5.1616681e+00
   2.0533610e+00   5.2437071e+00
   5.2403168e+00  -7.6554316e+00
   3.6718484e+00  -1.5414133e+00
  -6.5286672e+00   3.3391252e-01
   1.7317196e+00  -2.2687898e+00
   5.6636104e-01  -2.4487020e+00
   2.5880386e+00   5.4167627e+00
  -7.2834000e+00  -8.3730562e-01
   3.7645993e+00  -1.7119064e+00
   2.4448774e+00  -2.4567160e+00
   3.5589537e+00  -1.2380523e+00
   1.0370598e+01   4.9309908e+00
   6.9663633e+00  -6.1224154e+00
   4.3805629e+00  -8.4030847e+00
  -5.2075889e+00   4.1019065e+00
   6.3543576e+00  -6.5307827e+00
  -6.3836799e+00  -8.8631536e-02
  -4.8070533e+00   4.7015738e+00
   7.0946314e+00   9.6301061e+00
  -7.8900231e+00   9.8571029e+00
   4.5643504e+00   2.6891713e+00
  -1.1290213e+01   5.6639019e+00
   3.9616427e-01  -1.7713649e+00
   4.5149930e+00  -5.5659461e-01
   7.3464199e+00  -6.0999700e+00
   3.0801186e+00  -2.0453378e+00
   1.0888557e+01   2.4222739e+00
   1.0060925e+01  -3.6606357e+00
   3.9078541e+00  -7.1673003e-02
   4.5976719e+00   1.4712311e+00
  -1.6247688e+00  -7.2283797e+00
   8.6215096e+00  -4.9693293e+00
   2.8590665e+00  -8.6651053e+00
  -5.2436380e-01  -1.4150338e+00
  -8.1855041e-01  -8.9810994e-01
   8.4016021e+00   8.5212414e+00
  -1.2626433e-02   5.7935823e+00
   9.8764334e+00  -2.8191561e+00
  -1.0010949e+01   8.6478721e+00
   1.0566964e+01  -1.7991358e+00
   6.3767984e+00  -7.4299923e+00
  -4.7412350e-02  -1.5157464e+00
  -7.1267599e+00  -4.6188963e-01
  -1.1981772e-01  -1.7397285e+00
  -5.7313125e+00   1.1019604e+01
   1.9002872e+00  -2.0312626e+00
   1.7344586e-01   6.4201635e+00
  -3.3984694e+00  -6.7124514e+00
   4.0983605e+00   2.5578254e+00
  -1.2233479e+01   3.5954710e+00
  -5.1496268e+00  -5.3685171e+00
  -1.2793530e+01   3.6570419e+00
  -1.2896581e+00  -8.4993633e+00
   5.0272545e-01   6.7553874e+00
   3.5657961e+00  -8.3885695e+00
  -8.3373701e+00   9.7770839e+00
  -1.6442356e-01   6.7300957e+00
   3.4729746e+00   5.1468432e+00
  -6.9021464e+00  -2.0289583e+00
   1.6997498e-01   6.5562071e+00
  -5.9480647e-01  -7.8004868e+00
  -6.0742657e+00   3.4159282e+00
   4.6476599e+00   2.0306951e+00
   7.0032406e+00   9.7819060e+00
  -1.8888823e-01  -8.5388405e+00
  -3.5639686e+00   1.1754516e+01
  -1.2597883e+01   1.3569348e+00
   4.7551730e+00   2.3563942e+00
   9.3169486e-01   1.2094632e+01
   3.9626750e+00   4.7817378e+00
   5.6991504e-02  -1.9410039e+00
   7.3528113e+00  -6.2776200e+00
  -6.6814370e+00  -2.0249502e+00
   3.8910597e+00  -1.4174425e+00
  -6.2878007e-01   6.1879346e+00
  -4.9764935e+00  -5.1071477e+00
   8.3811981e+00  -5.6531286e+00
   6.7308927e-01  -2.0256207e+00
   3.2556384e+00  -1.3155562e+00
   3.9941888e+00  -1.0553458e+00
  -7.0525036e+00  -9.4905885e-01
  -3.2077268e+00   1.2204874e+01
  -8.4857013e+00   9.2225649e+00
  -9.5604009e-01  -7.4473561e-01
  -3.4304832e+00   5.5580984e+00
  -5.8600582e+00   2.8850256e+00
   4.3199522e+00  -2.0367099e-01
   1.0490312e+01   5.3632770e+00
   1.0681353e+01   2.3232048e+00
  -5.4289603e+00   4.3817008e+00
   4.6849871e+00   1.2651444e+00
  -6.5977073e+00   1.3182800e+00
  -1.0908025e+01   6.2156379e+00
  -5.4629316e+00   4.5139116e+00
  -4.3803605e+00  -6.2631106e+00
  -2.1765363e+00   5.7793493e+00
   5.8024550e+00   1.1205832e+01
   1.0582772e+01   3.0375114e+00
  -1.4833355e+00  -7.4721587e+00
  -5.4530060e+00  -4.2606906e+00
   1.1106659e+01   4.1267954e+00
  -1.0826261e+00  -9.7862511e-01
  -1.1492929e+01   6.6403952e+00
   4.2285816e+00   5.0961330e-01
  -3.7208841e-01   6.4344542e+00
   7.3023180e+00   9.5133350e+00
  -1.3043382e+01   1.5969870e+00
  -3.1540731e+00   1.2762264e+01
  -4.5596513e+00  -5.5690283e+00
   4.0893922e-01  -2.0146940e+00
  -4.9024348e+00   4.2629240e+00
   2.3160673e-01   5.8527434e+00
   2.0042823e+00  -2.1432876e+00
   6.5421417e+00  -6.7872529e+00
  -6.5656377e+00  -1.1082485e+00
   3.2775460e+00   5.4280785e+00
   4.5550405e+00   2.7314192e+00
  -7.0592745e+00  -1.5491983e+00
   3.7847524e+00  -1.7820765e+00
   8.0208801e-01  -8.2022890e+00
  -6.2716297e+00   1.9061933e+00
   1.2029472e+00  -2.0904974e+00
   2.7784834e+00   5.1028364e+00
   7.2427585e+00  -5.6048326e+00
   1.4414346e+00  -2.6468808e+00
  -7.0828909e+00  -4.5841350e-01
   3.5093373e+00   4.1397044e+00
   5.6113701e+00   1.1312088e+01
   1.0022082e+01   7.0732081e+00
  -5.5453714e-01   5.9010297e+00
  -6.6778354e-01  -1.3476840e+00
   4.0474454e+00  -7.9064413e-02
  -5.6138201e+00   3.6129894e+00
  -7.0878344e+00   2.0960991e-01
  -6.2660603e+00  -2.7972940e+00
  -1.1191671e+01   6.3108162e+00
  -4.8517111e+00  -5.7389050e+00
  -1.3217172e+01   2.8131846e+00
   7.1850826e+00   1.0330540e+01
   1.0868633e+01  -1.7618029e-01
   1.8950494e+00   6.1147393e+00
  -1.0179701e+00   6.0610910e+00
   7.2738527e+00   1.0139216e+01
   9.9482547e+00   6.7276337e+00
   6.7281220e-03  -2.2099691e+00
   1.1961134e+00  -2.5228976e+00
   1.1104153e+01   2.7301689e+00
   6.7706417e-01  -2.1877194e+00
  -6.7396639e+00  -2.7228811e-01
  -5.5805939e+00   3.3966965e+00
   3.9654669e+00  -1.5103291e+00
   3.9766581e+00   3.8952696e+00
  -7.6185686e-01   6.1108662e+00
  -3.8962015e+00   5.3293304e+00
   3.3614206e+00   3.9867606e+00
   1.0489369e+00  -2.4545745e+00
  -6.6150076e+00   1.1622418e+00
   4.9662134e+00  -8.3988822e-02
   8.6767089e+00   8.5024617e+00
  -3.8558831e+00   1.1672742e+01
   4.4128577e+00   1.1672397e+01
   5.6413266e-01  -2.4266541e+00
   7.4588399e+00   9.4073359e+00
   2.9289842e+00  -2.2630452e+00
   8.7873972e+00  -4.7698440e+00
   5.3807883e+00   1.1104782e+01
  -1.2228242e+01   3.6132829e+00
   5.1856177e+00   1.3527921e+00
   8.3758100e+00   8.5077604e+00
  -3.8137951e+00  -6.1155491e+00
   4.0679245e+00   3.1926242e+00
   5.4836334e+00   1.0545535e+01
   6.8466020e+00  -6.4140273e+00
  -5.7433311e+00   3.6094406e+00
  -6.4228882e+00  -2.9663901e+00
  -6.1654279e+00  -3.8287573e+00
   3.1154791e-01   6.4843160e+00
   1.0164598e+01   4.3168464e+00
   4.5112655e+00   7.0928321e-01
  -7.0370675e+00  -1.3997988e+00
  -5.2270136e+00  -4.9773591e+00
   4.8723721e+00   1.7980508e+00
  -1.6168817e+00  -7.6857330e+00
   1.0547810e+00   5.9992681e+00
   4.0197477e+00  -3.0777001e-01
   4.6770166e+00  -7.7869960e+00
  -2.0072576e+00   1.2434615e+01
  -1.0813785e+01   6.4514719e+00
  -2.7735028e+00   1.2209104e+01
   2.2964756e+00  -2.2822208e+00
  -6.8929732e+00   9.1244367e-01
  -6.0756432e+00  -4.1987678e+00
  -7.3270624e-01  -8.5948011e+00
  -6.6960940e+00  -2.4323949e+00
   3.1966283e-01  -8.4002701e+00
   3.5346590e+00  -8.2692871e+00
   7.5505655e+00  -5.5370733e+00
  -5.3398464e+00   3.4515501e+00
  -6.7976792e-01  -7.7858257e+00
   7.6642485e+00  -6.7597719e+00
  -2.0692115e+00   5.5782432e+00
   1.0593083e+01   2.6036479e+00
   6.6468206e+00   9.7720898e+00
  -6.4646750e+00  -2.2057949e-01
   6.6853172e+00  -6.5439325e+00
   7.4839729e+00   8.8021992e+00
   5.8717562e+00  -7.0747719e+00
  -5.3585291e+00   4.1494791e+00
  -4.7561612e+00   4.7157889e+00
   4.2947960e+00   1.1169975e+01
  -5.0676597e+00   4.3532196e+00
  -1.2830572e+00   6.7556226e+00
  -2.1143992e+00   5.6573204e+00
   3.9444558e+00   1.1285210e+01
   9.8448274e+00  -4.3291801e+00
   1.0495762e+00  -2.5137047e+00
  -3.6023597e+00  -7.2204234e+00
   4.9412505e+00   2.5458387e+00
   5.0039408e+00   2.5324059e+00
   1.0866957e+01   1.7598517e+00
  -6.1728159e-01  -7.8019461e-01
   1.5515699e+00  -2.5273427e+00
  -1.0095139e+01   8.5884855e+00
  -1.3524063e+01   6.9780439e-01
  -6.0838617e+00   3.7230628e+00
  -6.4424354e+00   1.4196390e+00
   9.6271285e+00   6.7833683e+00
   3.5243265e+00   1.1583358e+01
   2.3319305e+00   5.4411100e+00
  -5.3077829e+00  -5.2092082e+00
   4.6268248e+00   2.6842513e+00
  -4.4730058e+00   5.3891141e+00
   5.9403762e+00   1.0471690e+01
  -4.7773695e-01  -7.2028271e-01
   4.3278370e+00  -1.4112090e+00
   2.0118222e+00   5.3147038e+00
   9.7257567e+00  -4.3257465e+00
  -6.2489104e+00   3.0349316e+00
  -2.9562005e+00  -6.6873778e+00
   3.6067169e+00  -6.5197441e-01
   3.4989840e+00   1.2296351e+01
  -2.0612449e+00  -7.6485825e+00
  -5.6744190e+00  -5.4514467e+00
   1.2745256e+00  -2.0205432e+00
   7.4086159e+00   9.9706400e+00
   3.7692448e+00   1.1950493e+01
  -5.5729822e+00   2.6187479e+00
   1.1366916e+01   1.2262152e+00
  -6.6555869e+00   4.2665088e-01
  -1.2049356e+00  -8.3396393e-01
   2.9146301e+00   5.3720446e+00
   2.2931647e+00  -2.0953515e+00
   9.0958404e+00   7.8167417e+00
   1.0308331e+01   6.1084106e+00
  -6.4609474e+00  -3.0072038e-01
  -1.2668016e+01   3.5172697e+00
   3.3243732e+00   4.5234559e+00
  -8.1955853e+00   9.3930783e+00
   1.0060448e+01   4.3153574e+00
   2.2143141e-01  -7.7752702e+00
  -2.6843989e+00   5.5916092e+00
  -1.2188580e+01   4.5081552e+00
   3.1038469e-01  -2.2085352e+00
   5.0149092e+00   2.5595161e+00
   9.6842785e-01  -1.8273193e+00
   3.0469669e+00  -1.1872751e+00
  -7.1794506e+00  -1.0944349e+00
   2.1139862e+00   5.4341338e+00
  -4.9729278e+00  -6.1375173e+00
  -9.3975612e+00   8.7105022e+00
   4.4579132e+00   2.4178164e-01
  -1.2326883e+01   2.6918817e+00
  -6.5057386e+00   8.0206946e-01
   1.1249441e+00   5.5429301e+00
   8.8097860e-01  -2.2262965e+00
  -5.3002604e+00   3.1612533e+00
   1.0603569e+01  -2.7609106e+00
   1.8348823e+00  -2.5320831e+00
   4.6008793e+00   2.6196376e+00
  -4.0439258e+00   4.8156378e+00
   4.4957122e+00   2.0418178e+00
   3.3246439e+00   5.0403204e+00
   3.5945837e+00  -1.0594201e+00
  -6.7023356e+00  -4.0605116e-01
   3.3480167e-01  -1.5205262e+00
  -3.9522133e+00   1.1939097e+01
   1.0256887e+01   6.1232764e+00
   4.9754826e+00   1.9915612e+00
   1.9745696e+00  -2.5785692e+00
   1.7732967e+00   1.2005380e+01
   2.7067644e-01  -1.8134081e+00
  -6.7917385e-01  -1.6210771e+00
   1.7117481e+00  -2.2586309e+00
  -1.7823195e-01   1.2923396e+01
  -8.3888367e+00   1.0004289e+01
  -1.1401833e+01   5.2489863e+00
  -1.3387870e-01  -1.6810425e+00
  -9.2029735e+00   9.5341978e+00
   4.7632133e+00  -1.8078144e-01
   4.6100099e+00   1.2463404e+00
   4.9153329e+00   2.3778243e-02
   3.4769348e+00  -1.8395234e+00
  -1.0355492e+01   6.8882235e+00
   2.7275875e+00   6.0833822e+00
   3.2867199e+00  -1.9172613e+00
   1.0537406e+01  -8.8408004e-01
  -8.4415889e+00   9.7757600e+00
   1.6543870e+00  -8.5046242e+00
  -6.0167620e+00   1.8079654e+00
  -4.6729218e+00   4.9410851e+00
  -5.2097474e-01  -1.0967312e+00
  -6.9617677e+00   1.0394375e+01
   4.0844858e+00   3.7165441e+00
   6.9513780e+00   9.6655790e+00
   5.8192355e+00  -7.0731878e+00
  -6.7021069e+00  -8.4729537e-01
   6.4587751e+00   9.8838764e+00
   8.2179347e-01  -1.6274590e+00
   1.1318480e+01   1.9779718e+00
  -3.7996750e+00   5.3298480e+00
  -3.6610329e+00   4.8862832e+00
   9.6486184e+00  -3.9149118e+00
   2.2439056e+00   1.2279049e+01
   1.0166153e+01  -1.7223113e+00
  -2.9571259e-01   6.7687514e+00
  -6.5528195e+00   6.5557024e-02
   1.1678684e+00  -2.5623141e+00
   8.9101520e-01  -1.7877049e+00
   2.2322547e+00  -2.3041692e+00
   1.8919106e+00  -2.1957657e+00
  -4.4783148e+00   4.2620593e+00
   3.1083072e+00  -1.3939998e+00
   4.4504364e+00  -7.7833923e+00
  -6.1977502e+00   1.1634059e+00
   4.0365790e+00   3.0558903e+00
   1.3073808e+00  -2.0184583e+00
   6.0856814e+00   1.0113943e+01
  -1.6170982e+00  -8.1883211e+00
   7.0907010e+00  -6.5678814e+00
  -1.0128939e+00   5.9077239e+00
  -5.3286896e+00  -5.1439411e+00
   5.2371515e+00  -7.5400035e+00
   1.1306166e+01   1.9304408e+00
  -6.8748241e-01   6.3983503e+00
   3.1249919e+00  -1.6427838e+00
   1.1017835e+01   6.3472169e-01
   4.2408067e+00   2.8117396e+00
  -1.9698342e+00  -7.4050356e+00
   4.2882544e-01  -2.2164284e+00
  -9.7097442e-01  -8.5294685e+00
  -5.9192484e-01  -1.6088294e+00
  -9.9974292e+00   8.8091398e+00
   4.6455560e+00   1.0957328e-01
   7.9292840e+00  -5.0769129e+00
  -4.3372918e+00  -6.1918898e+00
   1.0774457e+01  -9.6996403e-01
   7.4350260e+00  -6.1324175e+00
  -4.2351736e+00  -6.0005562e+00
  -5.8327444e+00  -5.2853876e+00
   7.3691335e+00   9.4599404e+00
   3.9895674e+00   3.9645113e+00
  -3.4184536e+00   4.9589206e+00
  -1.1024055e+01   7.2441689e+00
   6.9757299e+00  -6.9047268e+00
  -1.2611258e+00  -8.2375345e+00
   6.0060273e-01   1.2379535e+01
  -2.7619827e-01  -7.8033866e-01
   1.0568751e+01   2.8690699e+00
   2.8524424e-01  -8.4940643e+00
  -8.4951217e-01  -1.7064977e+00
   8.4618535e+00   7.8836394e+00
   7.9544257e+00   9.5103171e+00
   2.9199972e+00  -1.1237871e+00
   9.3709058e-01   5.9151189e+00
  -5.8831758e-01  -1.2474839e+00
   3.2113493e+00  -1.7945413e+00
   1.1054155e+01   1.3071127e+00
   4.1932285e+00   3.3562643e+00
  -1.2402359e+01   2.7576875e+00
  -3.5643884e-01   1.2286082e+01
